163.000000,52.000000,206.000000,52.000000,206.000000,226.000000,163.000000,226.000000
163.000000,52.000000,206.000000,52.000000,206.000000,226.000000,163.000000,226.000000
166.000000,51.000000,209.000000,51.000000,209.000000,225.000000,166.000000,225.000000
166.000000,51.000000,209.000000,51.000000,209.000000,225.000000,166.000000,225.000000
168.000000,50.000000,211.000000,50.000000,211.000000,224.000000,168.000000,224.000000
168.000000,50.000000,211.000000,50.000000,211.000000,224.000000,168.000000,224.000000
168.000000,49.000000,211.000000,49.000000,211.000000,223.000000,168.000000,223.000000
168.000000,49.000000,211.000000,49.000000,211.000000,223.000000,168.000000,223.000000
168.000000,47.000000,211.000000,47.000000,211.000000,221.000000,168.000000,221.000000
168.000000,47.000000,211.000000,47.000000,211.000000,221.000000,168.000000,221.000000
166.000000,45.000000,209.000000,45.000000,209.000000,219.000000,166.000000,219.000000
166.000000,45.000000,209.000000,45.000000,209.000000,219.000000,166.000000,219.000000
165.000000,45.000000,208.000000,45.000000,208.000000,219.000000,165.000000,219.000000
165.000000,45.000000,208.000000,45.000000,208.000000,219.000000,165.000000,219.000000
173.000000,-4.000000,216.000000,-4.000000,216.000000,170.000000,173.000000,170.000000
175.000000,-8.000000,218.000000,-8.000000,218.000000,166.000000,175.000000,166.000000
174.000000,-9.000000,217.000000,-9.000000,217.000000,165.000000,174.000000,165.000000
174.000000,-10.000000,217.000000,-10.000000,217.000000,164.000000,174.000000,164.000000
170.000000,-7.000000,213.000000,-7.000000,213.000000,167.000000,170.000000,167.000000
169.000000,-6.000000,212.000000,-6.000000,212.000000,168.000000,169.000000,168.000000
169.000000,-2.000000,212.000000,-2.000000,212.000000,172.000000,169.000000,172.000000
169.000000,-1.000000,212.000000,-1.000000,212.000000,173.000000,169.000000,173.000000
169.000000,2.000000,212.000000,2.000000,212.000000,176.000000,169.000000,176.000000
169.000000,2.000000,212.000000,2.000000,212.000000,176.000000,169.000000,176.000000
169.000000,4.000000,212.000000,4.000000,212.000000,178.000000,169.000000,178.000000
169.000000,4.000000,212.000000,4.000000,212.000000,178.000000,169.000000,178.000000
185.000000,-19.000000,228.000000,-19.000000,228.000000,155.000000,185.000000,155.000000
188.000000,-12.000000,231.000000,-12.000000,231.000000,162.000000,188.000000,162.000000
187.000000,-50.000000,230.000000,-50.000000,230.000000,124.000000,187.000000,124.000000
186.000000,-67.000000,229.000000,-67.000000,229.000000,107.000000,186.000000,107.000000
189.000000,-130.000000,232.000000,-130.000000,232.000000,44.000000,189.000000,44.000000
187.000000,-134.000000,230.000000,-134.000000,230.000000,40.000000,187.000000,40.000000
185.000000,-156.000000,228.000000,-156.000000,228.000000,18.000000,185.000000,18.000000
185.000000,-186.000000,228.000000,-186.000000,228.000000,-12.000000,185.000000,-12.000000
185.000000,-216.000000,228.000000,-216.000000,228.000000,-42.000000,185.000000,-42.000000
185.000000,-246.000000,228.000000,-246.000000,228.000000,-72.000000,185.000000,-72.000000
185.000000,-276.000000,228.000000,-276.000000,228.000000,-102.000000,185.000000,-102.000000
185.000000,-306.000000,228.000000,-306.000000,228.000000,-132.000000,185.000000,-132.000000
185.000000,-336.000000,228.000000,-336.000000,228.000000,-162.000000,185.000000,-162.000000
185.000000,-366.000000,228.000000,-366.000000,228.000000,-192.000000,185.000000,-192.000000
185.000000,-396.000000,228.000000,-396.000000,228.000000,-222.000000,185.000000,-222.000000
185.000000,-426.000000,228.000000,-426.000000,228.000000,-252.000000,185.000000,-252.000000
185.000000,-456.000000,228.000000,-456.000000,228.000000,-282.000000,185.000000,-282.000000
185.000000,-486.000000,228.000000,-486.000000,228.000000,-312.000000,185.000000,-312.000000
185.000000,-516.000000,228.000000,-516.000000,228.000000,-342.000000,185.000000,-342.000000
185.000000,-546.000000,228.000000,-546.000000,228.000000,-372.000000,185.000000,-372.000000
185.000000,-576.000000,228.000000,-576.000000,228.000000,-402.000000,185.000000,-402.000000
185.000000,-606.000000,228.000000,-606.000000,228.000000,-432.000000,185.000000,-432.000000
185.000000,-636.000000,228.000000,-636.000000,228.000000,-462.000000,185.000000,-462.000000
185.000000,-666.000000,228.000000,-666.000000,228.000000,-492.000000,185.000000,-492.000000
185.000000,-696.000000,228.000000,-696.000000,228.000000,-522.000000,185.000000,-522.000000
185.000000,-726.000000,228.000000,-726.000000,228.000000,-552.000000,185.000000,-552.000000
185.000000,-756.000000,228.000000,-756.000000,228.000000,-582.000000,185.000000,-582.000000
185.000000,-786.000000,228.000000,-786.000000,228.000000,-612.000000,185.000000,-612.000000
185.000000,-816.000000,228.000000,-816.000000,228.000000,-642.000000,185.000000,-642.000000
185.000000,-846.000000,228.000000,-846.000000,228.000000,-672.000000,185.000000,-672.000000
185.000000,-876.000000,228.000000,-876.000000,228.000000,-702.000000,185.000000,-702.000000
185.000000,-906.000000,228.000000,-906.000000,228.000000,-732.000000,185.000000,-732.000000
185.000000,-936.000000,228.000000,-936.000000,228.000000,-762.000000,185.000000,-762.000000
185.000000,-966.000000,228.000000,-966.000000,228.000000,-792.000000,185.000000,-792.000000
185.000000,-996.000000,228.000000,-996.000000,228.000000,-822.000000,185.000000,-822.000000
185.000000,-1026.000000,228.000000,-1026.000000,228.000000,-852.000000,185.000000,-852.000000
185.000000,-1056.000000,228.000000,-1056.000000,228.000000,-882.000000,185.000000,-882.000000
185.000000,-1086.000000,228.000000,-1086.000000,228.000000,-912.000000,185.000000,-912.000000
185.000000,-1116.000000,228.000000,-1116.000000,228.000000,-942.000000,185.000000,-942.000000
185.000000,-1146.000000,228.000000,-1146.000000,228.000000,-972.000000,185.000000,-972.000000
185.000000,-1176.000000,228.000000,-1176.000000,228.000000,-1002.000000,185.000000,-1002.000000
185.000000,-1206.000000,228.000000,-1206.000000,228.000000,-1032.000000,185.000000,-1032.000000
185.000000,-1236.000000,228.000000,-1236.000000,228.000000,-1062.000000,185.000000,-1062.000000
185.000000,-1266.000000,228.000000,-1266.000000,228.000000,-1092.000000,185.000000,-1092.000000
185.000000,-1296.000000,228.000000,-1296.000000,228.000000,-1122.000000,185.000000,-1122.000000
185.000000,-1326.000000,228.000000,-1326.000000,228.000000,-1152.000000,185.000000,-1152.000000
185.000000,-1356.000000,228.000000,-1356.000000,228.000000,-1182.000000,185.000000,-1182.000000
185.000000,-1386.000000,228.000000,-1386.000000,228.000000,-1212.000000,185.000000,-1212.000000
185.000000,-1416.000000,228.000000,-1416.000000,228.000000,-1242.000000,185.000000,-1242.000000
185.000000,-1446.000000,228.000000,-1446.000000,228.000000,-1272.000000,185.000000,-1272.000000
185.000000,-1476.000000,228.000000,-1476.000000,228.000000,-1302.000000,185.000000,-1302.000000
185.000000,-1506.000000,228.000000,-1506.000000,228.000000,-1332.000000,185.000000,-1332.000000
185.000000,-1536.000000,228.000000,-1536.000000,228.000000,-1362.000000,185.000000,-1362.000000
185.000000,-1566.000000,228.000000,-1566.000000,228.000000,-1392.000000,185.000000,-1392.000000
185.000000,-1596.000000,228.000000,-1596.000000,228.000000,-1422.000000,185.000000,-1422.000000
185.000000,-1626.000000,228.000000,-1626.000000,228.000000,-1452.000000,185.000000,-1452.000000
185.000000,-1656.000000,228.000000,-1656.000000,228.000000,-1482.000000,185.000000,-1482.000000
185.000000,-1686.000000,228.000000,-1686.000000,228.000000,-1512.000000,185.000000,-1512.000000
185.000000,-1716.000000,228.000000,-1716.000000,228.000000,-1542.000000,185.000000,-1542.000000
185.000000,-1746.000000,228.000000,-1746.000000,228.000000,-1572.000000,185.000000,-1572.000000
185.000000,-1776.000000,228.000000,-1776.000000,228.000000,-1602.000000,185.000000,-1602.000000
185.000000,-1806.000000,228.000000,-1806.000000,228.000000,-1632.000000,185.000000,-1632.000000
185.000000,-1836.000000,228.000000,-1836.000000,228.000000,-1662.000000,185.000000,-1662.000000
185.000000,-1866.000000,228.000000,-1866.000000,228.000000,-1692.000000,185.000000,-1692.000000
185.000000,-1896.000000,228.000000,-1896.000000,228.000000,-1722.000000,185.000000,-1722.000000
185.000000,-1926.000000,228.000000,-1926.000000,228.000000,-1752.000000,185.000000,-1752.000000
185.000000,-1956.000000,228.000000,-1956.000000,228.000000,-1782.000000,185.000000,-1782.000000
185.000000,-1986.000000,228.000000,-1986.000000,228.000000,-1812.000000,185.000000,-1812.000000
185.000000,-2016.000000,228.000000,-2016.000000,228.000000,-1842.000000,185.000000,-1842.000000
185.000000,-2046.000000,228.000000,-2046.000000,228.000000,-1872.000000,185.000000,-1872.000000
185.000000,-2076.000000,228.000000,-2076.000000,228.000000,-1902.000000,185.000000,-1902.000000
185.000000,-2106.000000,228.000000,-2106.000000,228.000000,-1932.000000,185.000000,-1932.000000
185.000000,-2136.000000,228.000000,-2136.000000,228.000000,-1962.000000,185.000000,-1962.000000
185.000000,-2166.000000,228.000000,-2166.000000,228.000000,-1992.000000,185.000000,-1992.000000
185.000000,-2196.000000,228.000000,-2196.000000,228.000000,-2022.000000,185.000000,-2022.000000
185.000000,-2226.000000,228.000000,-2226.000000,228.000000,-2052.000000,185.000000,-2052.000000
185.000000,-2256.000000,228.000000,-2256.000000,228.000000,-2082.000000,185.000000,-2082.000000
185.000000,-2286.000000,228.000000,-2286.000000,228.000000,-2112.000000,185.000000,-2112.000000
185.000000,-2316.000000,228.000000,-2316.000000,228.000000,-2142.000000,185.000000,-2142.000000
185.000000,-2346.000000,228.000000,-2346.000000,228.000000,-2172.000000,185.000000,-2172.000000
185.000000,-2376.000000,228.000000,-2376.000000,228.000000,-2202.000000,185.000000,-2202.000000
185.000000,-2406.000000,228.000000,-2406.000000,228.000000,-2232.000000,185.000000,-2232.000000
185.000000,-2436.000000,228.000000,-2436.000000,228.000000,-2262.000000,185.000000,-2262.000000
185.000000,-2466.000000,228.000000,-2466.000000,228.000000,-2292.000000,185.000000,-2292.000000
185.000000,-2496.000000,228.000000,-2496.000000,228.000000,-2322.000000,185.000000,-2322.000000
185.000000,-2526.000000,228.000000,-2526.000000,228.000000,-2352.000000,185.000000,-2352.000000
185.000000,-2556.000000,228.000000,-2556.000000,228.000000,-2382.000000,185.000000,-2382.000000
185.000000,-2586.000000,228.000000,-2586.000000,228.000000,-2412.000000,185.000000,-2412.000000
185.000000,-2616.000000,228.000000,-2616.000000,228.000000,-2442.000000,185.000000,-2442.000000
185.000000,-2646.000000,228.000000,-2646.000000,228.000000,-2472.000000,185.000000,-2472.000000
185.000000,-2676.000000,228.000000,-2676.000000,228.000000,-2502.000000,185.000000,-2502.000000
185.000000,-2706.000000,228.000000,-2706.000000,228.000000,-2532.000000,185.000000,-2532.000000
185.000000,-2736.000000,228.000000,-2736.000000,228.000000,-2562.000000,185.000000,-2562.000000
185.000000,-2766.000000,228.000000,-2766.000000,228.000000,-2592.000000,185.000000,-2592.000000
185.000000,-2796.000000,228.000000,-2796.000000,228.000000,-2622.000000,185.000000,-2622.000000
185.000000,-2826.000000,228.000000,-2826.000000,228.000000,-2652.000000,185.000000,-2652.000000
185.000000,-2856.000000,228.000000,-2856.000000,228.000000,-2682.000000,185.000000,-2682.000000
185.000000,-2886.000000,228.000000,-2886.000000,228.000000,-2712.000000,185.000000,-2712.000000
185.000000,-2916.000000,228.000000,-2916.000000,228.000000,-2742.000000,185.000000,-2742.000000
185.000000,-2946.000000,228.000000,-2946.000000,228.000000,-2772.000000,185.000000,-2772.000000
185.000000,-2976.000000,228.000000,-2976.000000,228.000000,-2802.000000,185.000000,-2802.000000
185.000000,-3006.000000,228.000000,-3006.000000,228.000000,-2832.000000,185.000000,-2832.000000
185.000000,-3036.000000,228.000000,-3036.000000,228.000000,-2862.000000,185.000000,-2862.000000
185.000000,-3066.000000,228.000000,-3066.000000,228.000000,-2892.000000,185.000000,-2892.000000
185.000000,-3096.000000,228.000000,-3096.000000,228.000000,-2922.000000,185.000000,-2922.000000
185.000000,-3126.000000,228.000000,-3126.000000,228.000000,-2952.000000,185.000000,-2952.000000
185.000000,-3156.000000,228.000000,-3156.000000,228.000000,-2982.000000,185.000000,-2982.000000
185.000000,-3186.000000,228.000000,-3186.000000,228.000000,-3012.000000,185.000000,-3012.000000
185.000000,-3216.000000,228.000000,-3216.000000,228.000000,-3042.000000,185.000000,-3042.000000
185.000000,-3246.000000,228.000000,-3246.000000,228.000000,-3072.000000,185.000000,-3072.000000
185.000000,-3276.000000,228.000000,-3276.000000,228.000000,-3102.000000,185.000000,-3102.000000
185.000000,-3306.000000,228.000000,-3306.000000,228.000000,-3132.000000,185.000000,-3132.000000
185.000000,-3336.000000,228.000000,-3336.000000,228.000000,-3162.000000,185.000000,-3162.000000
185.000000,-3366.000000,228.000000,-3366.000000,228.000000,-3192.000000,185.000000,-3192.000000
185.000000,-3396.000000,228.000000,-3396.000000,228.000000,-3222.000000,185.000000,-3222.000000
185.000000,-3426.000000,228.000000,-3426.000000,228.000000,-3252.000000,185.000000,-3252.000000
185.000000,-3456.000000,228.000000,-3456.000000,228.000000,-3282.000000,185.000000,-3282.000000
185.000000,-3486.000000,228.000000,-3486.000000,228.000000,-3312.000000,185.000000,-3312.000000
185.000000,-3516.000000,228.000000,-3516.000000,228.000000,-3342.000000,185.000000,-3342.000000
185.000000,-3546.000000,228.000000,-3546.000000,228.000000,-3372.000000,185.000000,-3372.000000
185.000000,-3576.000000,228.000000,-3576.000000,228.000000,-3402.000000,185.000000,-3402.000000
185.000000,-3606.000000,228.000000,-3606.000000,228.000000,-3432.000000,185.000000,-3432.000000
185.000000,-3636.000000,228.000000,-3636.000000,228.000000,-3462.000000,185.000000,-3462.000000
185.000000,-3666.000000,228.000000,-3666.000000,228.000000,-3492.000000,185.000000,-3492.000000
185.000000,-3696.000000,228.000000,-3696.000000,228.000000,-3522.000000,185.000000,-3522.000000
185.000000,-3726.000000,228.000000,-3726.000000,228.000000,-3552.000000,185.000000,-3552.000000
185.000000,-3756.000000,228.000000,-3756.000000,228.000000,-3582.000000,185.000000,-3582.000000
185.000000,-3786.000000,228.000000,-3786.000000,228.000000,-3612.000000,185.000000,-3612.000000
185.000000,-3816.000000,228.000000,-3816.000000,228.000000,-3642.000000,185.000000,-3642.000000
185.000000,-3846.000000,228.000000,-3846.000000,228.000000,-3672.000000,185.000000,-3672.000000
185.000000,-3876.000000,228.000000,-3876.000000,228.000000,-3702.000000,185.000000,-3702.000000
185.000000,-3906.000000,228.000000,-3906.000000,228.000000,-3732.000000,185.000000,-3732.000000
185.000000,-3936.000000,228.000000,-3936.000000,228.000000,-3762.000000,185.000000,-3762.000000
185.000000,-3966.000000,228.000000,-3966.000000,228.000000,-3792.000000,185.000000,-3792.000000
185.000000,-3996.000000,228.000000,-3996.000000,228.000000,-3822.000000,185.000000,-3822.000000
185.000000,-4026.000000,228.000000,-4026.000000,228.000000,-3852.000000,185.000000,-3852.000000
185.000000,-4056.000000,228.000000,-4056.000000,228.000000,-3882.000000,185.000000,-3882.000000
185.000000,-4086.000000,228.000000,-4086.000000,228.000000,-3912.000000,185.000000,-3912.000000
185.000000,-4116.000000,228.000000,-4116.000000,228.000000,-3942.000000,185.000000,-3942.000000
185.000000,-4146.000000,228.000000,-4146.000000,228.000000,-3972.000000,185.000000,-3972.000000
185.000000,-4176.000000,228.000000,-4176.000000,228.000000,-4002.000000,185.000000,-4002.000000
185.000000,-4206.000000,228.000000,-4206.000000,228.000000,-4032.000000,185.000000,-4032.000000
185.000000,-4236.000000,228.000000,-4236.000000,228.000000,-4062.000000,185.000000,-4062.000000
185.000000,-4266.000000,228.000000,-4266.000000,228.000000,-4092.000000,185.000000,-4092.000000
185.000000,-4296.000000,228.000000,-4296.000000,228.000000,-4122.000000,185.000000,-4122.000000
185.000000,-4326.000000,228.000000,-4326.000000,228.000000,-4152.000000,185.000000,-4152.000000
185.000000,-4356.000000,228.000000,-4356.000000,228.000000,-4182.000000,185.000000,-4182.000000
185.000000,-4386.000000,228.000000,-4386.000000,228.000000,-4212.000000,185.000000,-4212.000000
185.000000,-4416.000000,228.000000,-4416.000000,228.000000,-4242.000000,185.000000,-4242.000000
185.000000,-4446.000000,228.000000,-4446.000000,228.000000,-4272.000000,185.000000,-4272.000000
185.000000,-4476.000000,228.000000,-4476.000000,228.000000,-4302.000000,185.000000,-4302.000000
185.000000,-4506.000000,228.000000,-4506.000000,228.000000,-4332.000000,185.000000,-4332.000000
185.000000,-4536.000000,228.000000,-4536.000000,228.000000,-4362.000000,185.000000,-4362.000000
185.000000,-4566.000000,228.000000,-4566.000000,228.000000,-4392.000000,185.000000,-4392.000000
185.000000,-4596.000000,228.000000,-4596.000000,228.000000,-4422.000000,185.000000,-4422.000000
185.000000,-4626.000000,228.000000,-4626.000000,228.000000,-4452.000000,185.000000,-4452.000000
185.000000,-4656.000000,228.000000,-4656.000000,228.000000,-4482.000000,185.000000,-4482.000000
185.000000,-4686.000000,228.000000,-4686.000000,228.000000,-4512.000000,185.000000,-4512.000000
185.000000,-4716.000000,228.000000,-4716.000000,228.000000,-4542.000000,185.000000,-4542.000000
185.000000,-4746.000000,228.000000,-4746.000000,228.000000,-4572.000000,185.000000,-4572.000000
185.000000,-4776.000000,228.000000,-4776.000000,228.000000,-4602.000000,185.000000,-4602.000000
185.000000,-4806.000000,228.000000,-4806.000000,228.000000,-4632.000000,185.000000,-4632.000000
185.000000,-4836.000000,228.000000,-4836.000000,228.000000,-4662.000000,185.000000,-4662.000000
185.000000,-4866.000000,228.000000,-4866.000000,228.000000,-4692.000000,185.000000,-4692.000000
185.000000,-4896.000000,228.000000,-4896.000000,228.000000,-4722.000000,185.000000,-4722.000000
185.000000,-4926.000000,228.000000,-4926.000000,228.000000,-4752.000000,185.000000,-4752.000000
185.000000,-4956.000000,228.000000,-4956.000000,228.000000,-4782.000000,185.000000,-4782.000000
185.000000,-4986.000000,228.000000,-4986.000000,228.000000,-4812.000000,185.000000,-4812.000000
185.000000,-5016.000000,228.000000,-5016.000000,228.000000,-4842.000000,185.000000,-4842.000000
185.000000,-5046.000000,228.000000,-5046.000000,228.000000,-4872.000000,185.000000,-4872.000000
185.000000,-5076.000000,228.000000,-5076.000000,228.000000,-4902.000000,185.000000,-4902.000000
185.000000,-5106.000000,228.000000,-5106.000000,228.000000,-4932.000000,185.000000,-4932.000000
185.000000,-5136.000000,228.000000,-5136.000000,228.000000,-4962.000000,185.000000,-4962.000000
185.000000,-5166.000000,228.000000,-5166.000000,228.000000,-4992.000000,185.000000,-4992.000000
185.000000,-5196.000000,228.000000,-5196.000000,228.000000,-5022.000000,185.000000,-5022.000000
185.000000,-5226.000000,228.000000,-5226.000000,228.000000,-5052.000000,185.000000,-5052.000000
185.000000,-5256.000000,228.000000,-5256.000000,228.000000,-5082.000000,185.000000,-5082.000000
185.000000,-5286.000000,228.000000,-5286.000000,228.000000,-5112.000000,185.000000,-5112.000000
185.000000,-5316.000000,228.000000,-5316.000000,228.000000,-5142.000000,185.000000,-5142.000000
185.000000,-5346.000000,228.000000,-5346.000000,228.000000,-5172.000000,185.000000,-5172.000000
185.000000,-5376.000000,228.000000,-5376.000000,228.000000,-5202.000000,185.000000,-5202.000000
185.000000,-5406.000000,228.000000,-5406.000000,228.000000,-5232.000000,185.000000,-5232.000000
185.000000,-5436.000000,228.000000,-5436.000000,228.000000,-5262.000000,185.000000,-5262.000000
185.000000,-5466.000000,228.000000,-5466.000000,228.000000,-5292.000000,185.000000,-5292.000000
185.000000,-5496.000000,228.000000,-5496.000000,228.000000,-5322.000000,185.000000,-5322.000000
185.000000,-5526.000000,228.000000,-5526.000000,228.000000,-5352.000000,185.000000,-5352.000000
185.000000,-5556.000000,228.000000,-5556.000000,228.000000,-5382.000000,185.000000,-5382.000000
185.000000,-5586.000000,228.000000,-5586.000000,228.000000,-5412.000000,185.000000,-5412.000000
185.000000,-5616.000000,228.000000,-5616.000000,228.000000,-5442.000000,185.000000,-5442.000000
185.000000,-5646.000000,228.000000,-5646.000000,228.000000,-5472.000000,185.000000,-5472.000000
185.000000,-5676.000000,228.000000,-5676.000000,228.000000,-5502.000000,185.000000,-5502.000000
185.000000,-5706.000000,228.000000,-5706.000000,228.000000,-5532.000000,185.000000,-5532.000000
185.000000,-5736.000000,228.000000,-5736.000000,228.000000,-5562.000000,185.000000,-5562.000000
185.000000,-5766.000000,228.000000,-5766.000000,228.000000,-5592.000000,185.000000,-5592.000000
185.000000,-5796.000000,228.000000,-5796.000000,228.000000,-5622.000000,185.000000,-5622.000000
185.000000,-5826.000000,228.000000,-5826.000000,228.000000,-5652.000000,185.000000,-5652.000000
185.000000,-5856.000000,228.000000,-5856.000000,228.000000,-5682.000000,185.000000,-5682.000000
185.000000,-5886.000000,228.000000,-5886.000000,228.000000,-5712.000000,185.000000,-5712.000000
185.000000,-5916.000000,228.000000,-5916.000000,228.000000,-5742.000000,185.000000,-5742.000000
185.000000,-5946.000000,228.000000,-5946.000000,228.000000,-5772.000000,185.000000,-5772.000000
185.000000,-5976.000000,228.000000,-5976.000000,228.000000,-5802.000000,185.000000,-5802.000000
185.000000,-6006.000000,228.000000,-6006.000000,228.000000,-5832.000000,185.000000,-5832.000000
185.000000,-6036.000000,228.000000,-6036.000000,228.000000,-5862.000000,185.000000,-5862.000000
185.000000,-6066.000000,228.000000,-6066.000000,228.000000,-5892.000000,185.000000,-5892.000000
185.000000,-6096.000000,228.000000,-6096.000000,228.000000,-5922.000000,185.000000,-5922.000000
185.000000,-6126.000000,228.000000,-6126.000000,228.000000,-5952.000000,185.000000,-5952.000000
185.000000,-6156.000000,228.000000,-6156.000000,228.000000,-5982.000000,185.000000,-5982.000000
185.000000,-6186.000000,228.000000,-6186.000000,228.000000,-6012.000000,185.000000,-6012.000000
185.000000,-6216.000000,228.000000,-6216.000000,228.000000,-6042.000000,185.000000,-6042.000000
185.000000,-6246.000000,228.000000,-6246.000000,228.000000,-6072.000000,185.000000,-6072.000000
185.000000,-6276.000000,228.000000,-6276.000000,228.000000,-6102.000000,185.000000,-6102.000000
185.000000,-6306.000000,228.000000,-6306.000000,228.000000,-6132.000000,185.000000,-6132.000000
185.000000,-6336.000000,228.000000,-6336.000000,228.000000,-6162.000000,185.000000,-6162.000000
185.000000,-6366.000000,228.000000,-6366.000000,228.000000,-6192.000000,185.000000,-6192.000000
185.000000,-6396.000000,228.000000,-6396.000000,228.000000,-6222.000000,185.000000,-6222.000000
185.000000,-6426.000000,228.000000,-6426.000000,228.000000,-6252.000000,185.000000,-6252.000000
185.000000,-6456.000000,228.000000,-6456.000000,228.000000,-6282.000000,185.000000,-6282.000000
185.000000,-6486.000000,228.000000,-6486.000000,228.000000,-6312.000000,185.000000,-6312.000000
185.000000,-6516.000000,228.000000,-6516.000000,228.000000,-6342.000000,185.000000,-6342.000000
185.000000,-6546.000000,228.000000,-6546.000000,228.000000,-6372.000000,185.000000,-6372.000000
185.000000,-6576.000000,228.000000,-6576.000000,228.000000,-6402.000000,185.000000,-6402.000000
185.000000,-6606.000000,228.000000,-6606.000000,228.000000,-6432.000000,185.000000,-6432.000000
185.000000,-6636.000000,228.000000,-6636.000000,228.000000,-6462.000000,185.000000,-6462.000000
185.000000,-6666.000000,228.000000,-6666.000000,228.000000,-6492.000000,185.000000,-6492.000000
185.000000,-6696.000000,228.000000,-6696.000000,228.000000,-6522.000000,185.000000,-6522.000000
185.000000,-6726.000000,228.000000,-6726.000000,228.000000,-6552.000000,185.000000,-6552.000000
185.000000,-6756.000000,228.000000,-6756.000000,228.000000,-6582.000000,185.000000,-6582.000000
185.000000,-6786.000000,228.000000,-6786.000000,228.000000,-6612.000000,185.000000,-6612.000000
185.000000,-6816.000000,228.000000,-6816.000000,228.000000,-6642.000000,185.000000,-6642.000000
185.000000,-6846.000000,228.000000,-6846.000000,228.000000,-6672.000000,185.000000,-6672.000000
185.000000,-6876.000000,228.000000,-6876.000000,228.000000,-6702.000000,185.000000,-6702.000000
185.000000,-6906.000000,228.000000,-6906.000000,228.000000,-6732.000000,185.000000,-6732.000000
185.000000,-6936.000000,228.000000,-6936.000000,228.000000,-6762.000000,185.000000,-6762.000000
185.000000,-6966.000000,228.000000,-6966.000000,228.000000,-6792.000000,185.000000,-6792.000000
185.000000,-6996.000000,228.000000,-6996.000000,228.000000,-6822.000000,185.000000,-6822.000000
185.000000,-7026.000000,228.000000,-7026.000000,228.000000,-6852.000000,185.000000,-6852.000000
185.000000,-7056.000000,228.000000,-7056.000000,228.000000,-6882.000000,185.000000,-6882.000000
185.000000,-7086.000000,228.000000,-7086.000000,228.000000,-6912.000000,185.000000,-6912.000000
185.000000,-7116.000000,228.000000,-7116.000000,228.000000,-6942.000000,185.000000,-6942.000000
185.000000,-7146.000000,228.000000,-7146.000000,228.000000,-6972.000000,185.000000,-6972.000000
185.000000,-7176.000000,228.000000,-7176.000000,228.000000,-7002.000000,185.000000,-7002.000000
185.000000,-7206.000000,228.000000,-7206.000000,228.000000,-7032.000000,185.000000,-7032.000000
185.000000,-7236.000000,228.000000,-7236.000000,228.000000,-7062.000000,185.000000,-7062.000000
185.000000,-7266.000000,228.000000,-7266.000000,228.000000,-7092.000000,185.000000,-7092.000000
185.000000,-7296.000000,228.000000,-7296.000000,228.000000,-7122.000000,185.000000,-7122.000000
185.000000,-7326.000000,228.000000,-7326.000000,228.000000,-7152.000000,185.000000,-7152.000000
185.000000,-7356.000000,228.000000,-7356.000000,228.000000,-7182.000000,185.000000,-7182.000000
185.000000,-7386.000000,228.000000,-7386.000000,228.000000,-7212.000000,185.000000,-7212.000000
185.000000,-7416.000000,228.000000,-7416.000000,228.000000,-7242.000000,185.000000,-7242.000000
185.000000,-7446.000000,228.000000,-7446.000000,228.000000,-7272.000000,185.000000,-7272.000000
185.000000,-7476.000000,228.000000,-7476.000000,228.000000,-7302.000000,185.000000,-7302.000000
185.000000,-7506.000000,228.000000,-7506.000000,228.000000,-7332.000000,185.000000,-7332.000000
185.000000,-7536.000000,228.000000,-7536.000000,228.000000,-7362.000000,185.000000,-7362.000000
185.000000,-7566.000000,228.000000,-7566.000000,228.000000,-7392.000000,185.000000,-7392.000000
185.000000,-7596.000000,228.000000,-7596.000000,228.000000,-7422.000000,185.000000,-7422.000000
185.000000,-7626.000000,228.000000,-7626.000000,228.000000,-7452.000000,185.000000,-7452.000000
185.000000,-7656.000000,228.000000,-7656.000000,228.000000,-7482.000000,185.000000,-7482.000000
185.000000,-7686.000000,228.000000,-7686.000000,228.000000,-7512.000000,185.000000,-7512.000000
185.000000,-7716.000000,228.000000,-7716.000000,228.000000,-7542.000000,185.000000,-7542.000000
185.000000,-7746.000000,228.000000,-7746.000000,228.000000,-7572.000000,185.000000,-7572.000000
185.000000,-7776.000000,228.000000,-7776.000000,228.000000,-7602.000000,185.000000,-7602.000000
185.000000,-7806.000000,228.000000,-7806.000000,228.000000,-7632.000000,185.000000,-7632.000000
185.000000,-7836.000000,228.000000,-7836.000000,228.000000,-7662.000000,185.000000,-7662.000000
185.000000,-7866.000000,228.000000,-7866.000000,228.000000,-7692.000000,185.000000,-7692.000000
185.000000,-7896.000000,228.000000,-7896.000000,228.000000,-7722.000000,185.000000,-7722.000000
185.000000,-7926.000000,228.000000,-7926.000000,228.000000,-7752.000000,185.000000,-7752.000000
185.000000,-7956.000000,228.000000,-7956.000000,228.000000,-7782.000000,185.000000,-7782.000000
185.000000,-7986.000000,228.000000,-7986.000000,228.000000,-7812.000000,185.000000,-7812.000000
185.000000,-8016.000000,228.000000,-8016.000000,228.000000,-7842.000000,185.000000,-7842.000000
185.000000,-8046.000000,228.000000,-8046.000000,228.000000,-7872.000000,185.000000,-7872.000000
185.000000,-8076.000000,228.000000,-8076.000000,228.000000,-7902.000000,185.000000,-7902.000000
185.000000,-8106.000000,228.000000,-8106.000000,228.000000,-7932.000000,185.000000,-7932.000000
185.000000,-8136.000000,228.000000,-8136.000000,228.000000,-7962.000000,185.000000,-7962.000000
185.000000,-8166.000000,228.000000,-8166.000000,228.000000,-7992.000000,185.000000,-7992.000000
185.000000,-8196.000000,228.000000,-8196.000000,228.000000,-8022.000000,185.000000,-8022.000000
185.000000,-8226.000000,228.000000,-8226.000000,228.000000,-8052.000000,185.000000,-8052.000000
185.000000,-8256.000000,228.000000,-8256.000000,228.000000,-8082.000000,185.000000,-8082.000000
185.000000,-8286.000000,228.000000,-8286.000000,228.000000,-8112.000000,185.000000,-8112.000000
185.000000,-8316.000000,228.000000,-8316.000000,228.000000,-8142.000000,185.000000,-8142.000000
185.000000,-8346.000000,228.000000,-8346.000000,228.000000,-8172.000000,185.000000,-8172.000000
185.000000,-8376.000000,228.000000,-8376.000000,228.000000,-8202.000000,185.000000,-8202.000000
185.000000,-8406.000000,228.000000,-8406.000000,228.000000,-8232.000000,185.000000,-8232.000000
185.000000,-8436.000000,228.000000,-8436.000000,228.000000,-8262.000000,185.000000,-8262.000000
185.000000,-8466.000000,228.000000,-8466.000000,228.000000,-8292.000000,185.000000,-8292.000000
185.000000,-8496.000000,228.000000,-8496.000000,228.000000,-8322.000000,185.000000,-8322.000000
185.000000,-8526.000000,228.000000,-8526.000000,228.000000,-8352.000000,185.000000,-8352.000000
185.000000,-8556.000000,228.000000,-8556.000000,228.000000,-8382.000000,185.000000,-8382.000000
185.000000,-8586.000000,228.000000,-8586.000000,228.000000,-8412.000000,185.000000,-8412.000000
185.000000,-8616.000000,228.000000,-8616.000000,228.000000,-8442.000000,185.000000,-8442.000000
185.000000,-8646.000000,228.000000,-8646.000000,228.000000,-8472.000000,185.000000,-8472.000000
185.000000,-8676.000000,228.000000,-8676.000000,228.000000,-8502.000000,185.000000,-8502.000000
185.000000,-8706.000000,228.000000,-8706.000000,228.000000,-8532.000000,185.000000,-8532.000000
185.000000,-8736.000000,228.000000,-8736.000000,228.000000,-8562.000000,185.000000,-8562.000000
185.000000,-8766.000000,228.000000,-8766.000000,228.000000,-8592.000000,185.000000,-8592.000000
185.000000,-8796.000000,228.000000,-8796.000000,228.000000,-8622.000000,185.000000,-8622.000000
185.000000,-8826.000000,228.000000,-8826.000000,228.000000,-8652.000000,185.000000,-8652.000000
185.000000,-8856.000000,228.000000,-8856.000000,228.000000,-8682.000000,185.000000,-8682.000000
185.000000,-8886.000000,228.000000,-8886.000000,228.000000,-8712.000000,185.000000,-8712.000000
185.000000,-8916.000000,228.000000,-8916.000000,228.000000,-8742.000000,185.000000,-8742.000000
185.000000,-8946.000000,228.000000,-8946.000000,228.000000,-8772.000000,185.000000,-8772.000000
185.000000,-8976.000000,228.000000,-8976.000000,228.000000,-8802.000000,185.000000,-8802.000000
185.000000,-9006.000000,228.000000,-9006.000000,228.000000,-8832.000000,185.000000,-8832.000000
185.000000,-9036.000000,228.000000,-9036.000000,228.000000,-8862.000000,185.000000,-8862.000000
185.000000,-9066.000000,228.000000,-9066.000000,228.000000,-8892.000000,185.000000,-8892.000000
185.000000,-9096.000000,228.000000,-9096.000000,228.000000,-8922.000000,185.000000,-8922.000000
185.000000,-9126.000000,228.000000,-9126.000000,228.000000,-8952.000000,185.000000,-8952.000000
185.000000,-9156.000000,228.000000,-9156.000000,228.000000,-8982.000000,185.000000,-8982.000000
185.000000,-9186.000000,228.000000,-9186.000000,228.000000,-9012.000000,185.000000,-9012.000000
185.000000,-9216.000000,228.000000,-9216.000000,228.000000,-9042.000000,185.000000,-9042.000000
185.000000,-9246.000000,228.000000,-9246.000000,228.000000,-9072.000000,185.000000,-9072.000000
185.000000,-9276.000000,228.000000,-9276.000000,228.000000,-9102.000000,185.000000,-9102.000000
185.000000,-9306.000000,228.000000,-9306.000000,228.000000,-9132.000000,185.000000,-9132.000000
185.000000,-9336.000000,228.000000,-9336.000000,228.000000,-9162.000000,185.000000,-9162.000000
185.000000,-9366.000000,228.000000,-9366.000000,228.000000,-9192.000000,185.000000,-9192.000000
185.000000,-9396.000000,228.000000,-9396.000000,228.000000,-9222.000000,185.000000,-9222.000000
185.000000,-9426.000000,228.000000,-9426.000000,228.000000,-9252.000000,185.000000,-9252.000000
185.000000,-9456.000000,228.000000,-9456.000000,228.000000,-9282.000000,185.000000,-9282.000000
185.000000,-9486.000000,228.000000,-9486.000000,228.000000,-9312.000000,185.000000,-9312.000000
185.000000,-9516.000000,228.000000,-9516.000000,228.000000,-9342.000000,185.000000,-9342.000000
185.000000,-9546.000000,228.000000,-9546.000000,228.000000,-9372.000000,185.000000,-9372.000000
185.000000,-9576.000000,228.000000,-9576.000000,228.000000,-9402.000000,185.000000,-9402.000000
185.000000,-9606.000000,228.000000,-9606.000000,228.000000,-9432.000000,185.000000,-9432.000000
185.000000,-9636.000000,228.000000,-9636.000000,228.000000,-9462.000000,185.000000,-9462.000000
185.000000,-9666.000000,228.000000,-9666.000000,228.000000,-9492.000000,185.000000,-9492.000000
185.000000,-9696.000000,228.000000,-9696.000000,228.000000,-9522.000000,185.000000,-9522.000000
185.000000,-9726.000000,228.000000,-9726.000000,228.000000,-9552.000000,185.000000,-9552.000000
185.000000,-9756.000000,228.000000,-9756.000000,228.000000,-9582.000000,185.000000,-9582.000000
185.000000,-9786.000000,228.000000,-9786.000000,228.000000,-9612.000000,185.000000,-9612.000000
185.000000,-9816.000000,228.000000,-9816.000000,228.000000,-9642.000000,185.000000,-9642.000000
185.000000,-9846.000000,228.000000,-9846.000000,228.000000,-9672.000000,185.000000,-9672.000000
185.000000,-9876.000000,228.000000,-9876.000000,228.000000,-9702.000000,185.000000,-9702.000000
185.000000,-9906.000000,228.000000,-9906.000000,228.000000,-9732.000000,185.000000,-9732.000000
185.000000,-9936.000000,228.000000,-9936.000000,228.000000,-9762.000000,185.000000,-9762.000000
185.000000,-9966.000000,228.000000,-9966.000000,228.000000,-9792.000000,185.000000,-9792.000000
185.000000,-9996.000000,228.000000,-9996.000000,228.000000,-9822.000000,185.000000,-9822.000000
185.000000,-10026.000000,228.000000,-10026.000000,228.000000,-9852.000000,185.000000,-9852.000000
185.000000,-10056.000000,228.000000,-10056.000000,228.000000,-9882.000000,185.000000,-9882.000000
185.000000,-10086.000000,228.000000,-10086.000000,228.000000,-9912.000000,185.000000,-9912.000000
185.000000,-10116.000000,228.000000,-10116.000000,228.000000,-9942.000000,185.000000,-9942.000000
185.000000,-10146.000000,228.000000,-10146.000000,228.000000,-9972.000000,185.000000,-9972.000000
185.000000,-10176.000000,228.000000,-10176.000000,228.000000,-10002.000000,185.000000,-10002.000000
185.000000,-10206.000000,228.000000,-10206.000000,228.000000,-10032.000000,185.000000,-10032.000000
185.000000,-10236.000000,228.000000,-10236.000000,228.000000,-10062.000000,185.000000,-10062.000000
185.000000,-10266.000000,228.000000,-10266.000000,228.000000,-10092.000000,185.000000,-10092.000000
185.000000,-10296.000000,228.000000,-10296.000000,228.000000,-10122.000000,185.000000,-10122.000000
185.000000,-10326.000000,228.000000,-10326.000000,228.000000,-10152.000000,185.000000,-10152.000000
185.000000,-10356.000000,228.000000,-10356.000000,228.000000,-10182.000000,185.000000,-10182.000000
185.000000,-10386.000000,228.000000,-10386.000000,228.000000,-10212.000000,185.000000,-10212.000000
185.000000,-10416.000000,228.000000,-10416.000000,228.000000,-10242.000000,185.000000,-10242.000000
185.000000,-10446.000000,228.000000,-10446.000000,228.000000,-10272.000000,185.000000,-10272.000000
185.000000,-10476.000000,228.000000,-10476.000000,228.000000,-10302.000000,185.000000,-10302.000000
185.000000,-10506.000000,228.000000,-10506.000000,228.000000,-10332.000000,185.000000,-10332.000000
185.000000,-10536.000000,228.000000,-10536.000000,228.000000,-10362.000000,185.000000,-10362.000000
185.000000,-10566.000000,228.000000,-10566.000000,228.000000,-10392.000000,185.000000,-10392.000000
185.000000,-10596.000000,228.000000,-10596.000000,228.000000,-10422.000000,185.000000,-10422.000000
185.000000,-10626.000000,228.000000,-10626.000000,228.000000,-10452.000000,185.000000,-10452.000000
185.000000,-10656.000000,228.000000,-10656.000000,228.000000,-10482.000000,185.000000,-10482.000000
185.000000,-10686.000000,228.000000,-10686.000000,228.000000,-10512.000000,185.000000,-10512.000000
185.000000,-10716.000000,228.000000,-10716.000000,228.000000,-10542.000000,185.000000,-10542.000000
185.000000,-10746.000000,228.000000,-10746.000000,228.000000,-10572.000000,185.000000,-10572.000000
185.000000,-10776.000000,228.000000,-10776.000000,228.000000,-10602.000000,185.000000,-10602.000000
185.000000,-10806.000000,228.000000,-10806.000000,228.000000,-10632.000000,185.000000,-10632.000000
185.000000,-10836.000000,228.000000,-10836.000000,228.000000,-10662.000000,185.000000,-10662.000000
185.000000,-10866.000000,228.000000,-10866.000000,228.000000,-10692.000000,185.000000,-10692.000000
185.000000,-10896.000000,228.000000,-10896.000000,228.000000,-10722.000000,185.000000,-10722.000000
185.000000,-10926.000000,228.000000,-10926.000000,228.000000,-10752.000000,185.000000,-10752.000000
185.000000,-10956.000000,228.000000,-10956.000000,228.000000,-10782.000000,185.000000,-10782.000000
185.000000,-10986.000000,228.000000,-10986.000000,228.000000,-10812.000000,185.000000,-10812.000000
185.000000,-11016.000000,228.000000,-11016.000000,228.000000,-10842.000000,185.000000,-10842.000000
185.000000,-11046.000000,228.000000,-11046.000000,228.000000,-10872.000000,185.000000,-10872.000000
185.000000,-11076.000000,228.000000,-11076.000000,228.000000,-10902.000000,185.000000,-10902.000000
185.000000,-11106.000000,228.000000,-11106.000000,228.000000,-10932.000000,185.000000,-10932.000000
185.000000,-11136.000000,228.000000,-11136.000000,228.000000,-10962.000000,185.000000,-10962.000000
185.000000,-11166.000000,228.000000,-11166.000000,228.000000,-10992.000000,185.000000,-10992.000000
185.000000,-11196.000000,228.000000,-11196.000000,228.000000,-11022.000000,185.000000,-11022.000000
185.000000,-11226.000000,228.000000,-11226.000000,228.000000,-11052.000000,185.000000,-11052.000000
185.000000,-11256.000000,228.000000,-11256.000000,228.000000,-11082.000000,185.000000,-11082.000000
185.000000,-11286.000000,228.000000,-11286.000000,228.000000,-11112.000000,185.000000,-11112.000000
185.000000,-11316.000000,228.000000,-11316.000000,228.000000,-11142.000000,185.000000,-11142.000000
185.000000,-11346.000000,228.000000,-11346.000000,228.000000,-11172.000000,185.000000,-11172.000000
185.000000,-11376.000000,228.000000,-11376.000000,228.000000,-11202.000000,185.000000,-11202.000000
185.000000,-11406.000000,228.000000,-11406.000000,228.000000,-11232.000000,185.000000,-11232.000000
185.000000,-11436.000000,228.000000,-11436.000000,228.000000,-11262.000000,185.000000,-11262.000000
185.000000,-11466.000000,228.000000,-11466.000000,228.000000,-11292.000000,185.000000,-11292.000000
185.000000,-11496.000000,228.000000,-11496.000000,228.000000,-11322.000000,185.000000,-11322.000000
185.000000,-11526.000000,228.000000,-11526.000000,228.000000,-11352.000000,185.000000,-11352.000000
185.000000,-11556.000000,228.000000,-11556.000000,228.000000,-11382.000000,185.000000,-11382.000000
185.000000,-11586.000000,228.000000,-11586.000000,228.000000,-11412.000000,185.000000,-11412.000000
185.000000,-11616.000000,228.000000,-11616.000000,228.000000,-11442.000000,185.000000,-11442.000000
185.000000,-11646.000000,228.000000,-11646.000000,228.000000,-11472.000000,185.000000,-11472.000000
185.000000,-11676.000000,228.000000,-11676.000000,228.000000,-11502.000000,185.000000,-11502.000000
185.000000,-11706.000000,228.000000,-11706.000000,228.000000,-11532.000000,185.000000,-11532.000000
185.000000,-11736.000000,228.000000,-11736.000000,228.000000,-11562.000000,185.000000,-11562.000000
185.000000,-11766.000000,228.000000,-11766.000000,228.000000,-11592.000000,185.000000,-11592.000000
185.000000,-11796.000000,228.000000,-11796.000000,228.000000,-11622.000000,185.000000,-11622.000000
185.000000,-11826.000000,228.000000,-11826.000000,228.000000,-11652.000000,185.000000,-11652.000000
185.000000,-11856.000000,228.000000,-11856.000000,228.000000,-11682.000000,185.000000,-11682.000000
185.000000,-11886.000000,228.000000,-11886.000000,228.000000,-11712.000000,185.000000,-11712.000000
185.000000,-11916.000000,228.000000,-11916.000000,228.000000,-11742.000000,185.000000,-11742.000000
185.000000,-11946.000000,228.000000,-11946.000000,228.000000,-11772.000000,185.000000,-11772.000000
185.000000,-11976.000000,228.000000,-11976.000000,228.000000,-11802.000000,185.000000,-11802.000000
185.000000,-12006.000000,228.000000,-12006.000000,228.000000,-11832.000000,185.000000,-11832.000000
185.000000,-12036.000000,228.000000,-12036.000000,228.000000,-11862.000000,185.000000,-11862.000000
185.000000,-12066.000000,228.000000,-12066.000000,228.000000,-11892.000000,185.000000,-11892.000000
185.000000,-12096.000000,228.000000,-12096.000000,228.000000,-11922.000000,185.000000,-11922.000000
185.000000,-12126.000000,228.000000,-12126.000000,228.000000,-11952.000000,185.000000,-11952.000000
185.000000,-12156.000000,228.000000,-12156.000000,228.000000,-11982.000000,185.000000,-11982.000000
185.000000,-12186.000000,228.000000,-12186.000000,228.000000,-12012.000000,185.000000,-12012.000000
185.000000,-12216.000000,228.000000,-12216.000000,228.000000,-12042.000000,185.000000,-12042.000000
185.000000,-12246.000000,228.000000,-12246.000000,228.000000,-12072.000000,185.000000,-12072.000000
185.000000,-12276.000000,228.000000,-12276.000000,228.000000,-12102.000000,185.000000,-12102.000000
185.000000,-12306.000000,228.000000,-12306.000000,228.000000,-12132.000000,185.000000,-12132.000000
185.000000,-12336.000000,228.000000,-12336.000000,228.000000,-12162.000000,185.000000,-12162.000000
185.000000,-12366.000000,228.000000,-12366.000000,228.000000,-12192.000000,185.000000,-12192.000000
185.000000,-12396.000000,228.000000,-12396.000000,228.000000,-12222.000000,185.000000,-12222.000000
185.000000,-12426.000000,228.000000,-12426.000000,228.000000,-12252.000000,185.000000,-12252.000000
185.000000,-12456.000000,228.000000,-12456.000000,228.000000,-12282.000000,185.000000,-12282.000000
185.000000,-12486.000000,228.000000,-12486.000000,228.000000,-12312.000000,185.000000,-12312.000000
185.000000,-12516.000000,228.000000,-12516.000000,228.000000,-12342.000000,185.000000,-12342.000000
185.000000,-12546.000000,228.000000,-12546.000000,228.000000,-12372.000000,185.000000,-12372.000000
185.000000,-12576.000000,228.000000,-12576.000000,228.000000,-12402.000000,185.000000,-12402.000000
185.000000,-12606.000000,228.000000,-12606.000000,228.000000,-12432.000000,185.000000,-12432.000000
185.000000,-12636.000000,228.000000,-12636.000000,228.000000,-12462.000000,185.000000,-12462.000000
185.000000,-12666.000000,228.000000,-12666.000000,228.000000,-12492.000000,185.000000,-12492.000000
185.000000,-12696.000000,228.000000,-12696.000000,228.000000,-12522.000000,185.000000,-12522.000000
185.000000,-12726.000000,228.000000,-12726.000000,228.000000,-12552.000000,185.000000,-12552.000000
185.000000,-12756.000000,228.000000,-12756.000000,228.000000,-12582.000000,185.000000,-12582.000000
185.000000,-12786.000000,228.000000,-12786.000000,228.000000,-12612.000000,185.000000,-12612.000000
185.000000,-12816.000000,228.000000,-12816.000000,228.000000,-12642.000000,185.000000,-12642.000000
185.000000,-12846.000000,228.000000,-12846.000000,228.000000,-12672.000000,185.000000,-12672.000000
185.000000,-12876.000000,228.000000,-12876.000000,228.000000,-12702.000000,185.000000,-12702.000000
185.000000,-12906.000000,228.000000,-12906.000000,228.000000,-12732.000000,185.000000,-12732.000000
185.000000,-12936.000000,228.000000,-12936.000000,228.000000,-12762.000000,185.000000,-12762.000000
185.000000,-12966.000000,228.000000,-12966.000000,228.000000,-12792.000000,185.000000,-12792.000000
185.000000,-12996.000000,228.000000,-12996.000000,228.000000,-12822.000000,185.000000,-12822.000000
185.000000,-13026.000000,228.000000,-13026.000000,228.000000,-12852.000000,185.000000,-12852.000000
185.000000,-13056.000000,228.000000,-13056.000000,228.000000,-12882.000000,185.000000,-12882.000000
185.000000,-13086.000000,228.000000,-13086.000000,228.000000,-12912.000000,185.000000,-12912.000000
185.000000,-13116.000000,228.000000,-13116.000000,228.000000,-12942.000000,185.000000,-12942.000000
185.000000,-13146.000000,228.000000,-13146.000000,228.000000,-12972.000000,185.000000,-12972.000000
185.000000,-13176.000000,228.000000,-13176.000000,228.000000,-13002.000000,185.000000,-13002.000000
185.000000,-13206.000000,228.000000,-13206.000000,228.000000,-13032.000000,185.000000,-13032.000000
185.000000,-13236.000000,228.000000,-13236.000000,228.000000,-13062.000000,185.000000,-13062.000000
185.000000,-13266.000000,228.000000,-13266.000000,228.000000,-13092.000000,185.000000,-13092.000000
185.000000,-13296.000000,228.000000,-13296.000000,228.000000,-13122.000000,185.000000,-13122.000000
185.000000,-13326.000000,228.000000,-13326.000000,228.000000,-13152.000000,185.000000,-13152.000000
185.000000,-13356.000000,228.000000,-13356.000000,228.000000,-13182.000000,185.000000,-13182.000000
185.000000,-13386.000000,228.000000,-13386.000000,228.000000,-13212.000000,185.000000,-13212.000000
185.000000,-13416.000000,228.000000,-13416.000000,228.000000,-13242.000000,185.000000,-13242.000000
185.000000,-13446.000000,228.000000,-13446.000000,228.000000,-13272.000000,185.000000,-13272.000000
185.000000,-13476.000000,228.000000,-13476.000000,228.000000,-13302.000000,185.000000,-13302.000000
185.000000,-13506.000000,228.000000,-13506.000000,228.000000,-13332.000000,185.000000,-13332.000000
185.000000,-13536.000000,228.000000,-13536.000000,228.000000,-13362.000000,185.000000,-13362.000000
185.000000,-13566.000000,228.000000,-13566.000000,228.000000,-13392.000000,185.000000,-13392.000000
185.000000,-13596.000000,228.000000,-13596.000000,228.000000,-13422.000000,185.000000,-13422.000000
185.000000,-13626.000000,228.000000,-13626.000000,228.000000,-13452.000000,185.000000,-13452.000000
185.000000,-13656.000000,228.000000,-13656.000000,228.000000,-13482.000000,185.000000,-13482.000000
185.000000,-13686.000000,228.000000,-13686.000000,228.000000,-13512.000000,185.000000,-13512.000000
185.000000,-13716.000000,228.000000,-13716.000000,228.000000,-13542.000000,185.000000,-13542.000000
185.000000,-13746.000000,228.000000,-13746.000000,228.000000,-13572.000000,185.000000,-13572.000000
185.000000,-13776.000000,228.000000,-13776.000000,228.000000,-13602.000000,185.000000,-13602.000000
185.000000,-13806.000000,228.000000,-13806.000000,228.000000,-13632.000000,185.000000,-13632.000000
185.000000,-13836.000000,228.000000,-13836.000000,228.000000,-13662.000000,185.000000,-13662.000000
185.000000,-13866.000000,228.000000,-13866.000000,228.000000,-13692.000000,185.000000,-13692.000000
185.000000,-13896.000000,228.000000,-13896.000000,228.000000,-13722.000000,185.000000,-13722.000000
185.000000,-13926.000000,228.000000,-13926.000000,228.000000,-13752.000000,185.000000,-13752.000000
185.000000,-13956.000000,228.000000,-13956.000000,228.000000,-13782.000000,185.000000,-13782.000000
185.000000,-13986.000000,228.000000,-13986.000000,228.000000,-13812.000000,185.000000,-13812.000000
185.000000,-14016.000000,228.000000,-14016.000000,228.000000,-13842.000000,185.000000,-13842.000000
185.000000,-14046.000000,228.000000,-14046.000000,228.000000,-13872.000000,185.000000,-13872.000000
185.000000,-14076.000000,228.000000,-14076.000000,228.000000,-13902.000000,185.000000,-13902.000000
185.000000,-14106.000000,228.000000,-14106.000000,228.000000,-13932.000000,185.000000,-13932.000000
185.000000,-14136.000000,228.000000,-14136.000000,228.000000,-13962.000000,185.000000,-13962.000000
185.000000,-14166.000000,228.000000,-14166.000000,228.000000,-13992.000000,185.000000,-13992.000000
185.000000,-14196.000000,228.000000,-14196.000000,228.000000,-14022.000000,185.000000,-14022.000000
185.000000,-14226.000000,228.000000,-14226.000000,228.000000,-14052.000000,185.000000,-14052.000000
185.000000,-14256.000000,228.000000,-14256.000000,228.000000,-14082.000000,185.000000,-14082.000000
185.000000,-14286.000000,228.000000,-14286.000000,228.000000,-14112.000000,185.000000,-14112.000000
185.000000,-14316.000000,228.000000,-14316.000000,228.000000,-14142.000000,185.000000,-14142.000000
185.000000,-14346.000000,228.000000,-14346.000000,228.000000,-14172.000000,185.000000,-14172.000000
185.000000,-14376.000000,228.000000,-14376.000000,228.000000,-14202.000000,185.000000,-14202.000000
185.000000,-14406.000000,228.000000,-14406.000000,228.000000,-14232.000000,185.000000,-14232.000000
185.000000,-14436.000000,228.000000,-14436.000000,228.000000,-14262.000000,185.000000,-14262.000000
185.000000,-14466.000000,228.000000,-14466.000000,228.000000,-14292.000000,185.000000,-14292.000000
185.000000,-14496.000000,228.000000,-14496.000000,228.000000,-14322.000000,185.000000,-14322.000000
185.000000,-14526.000000,228.000000,-14526.000000,228.000000,-14352.000000,185.000000,-14352.000000
185.000000,-14556.000000,228.000000,-14556.000000,228.000000,-14382.000000,185.000000,-14382.000000
185.000000,-14586.000000,228.000000,-14586.000000,228.000000,-14412.000000,185.000000,-14412.000000
185.000000,-14616.000000,228.000000,-14616.000000,228.000000,-14442.000000,185.000000,-14442.000000
185.000000,-14646.000000,228.000000,-14646.000000,228.000000,-14472.000000,185.000000,-14472.000000
185.000000,-14676.000000,228.000000,-14676.000000,228.000000,-14502.000000,185.000000,-14502.000000
185.000000,-14706.000000,228.000000,-14706.000000,228.000000,-14532.000000,185.000000,-14532.000000
185.000000,-14736.000000,228.000000,-14736.000000,228.000000,-14562.000000,185.000000,-14562.000000
185.000000,-14766.000000,228.000000,-14766.000000,228.000000,-14592.000000,185.000000,-14592.000000
185.000000,-14796.000000,228.000000,-14796.000000,228.000000,-14622.000000,185.000000,-14622.000000
185.000000,-14826.000000,228.000000,-14826.000000,228.000000,-14652.000000,185.000000,-14652.000000
185.000000,-14856.000000,228.000000,-14856.000000,228.000000,-14682.000000,185.000000,-14682.000000
185.000000,-14886.000000,228.000000,-14886.000000,228.000000,-14712.000000,185.000000,-14712.000000
185.000000,-14916.000000,228.000000,-14916.000000,228.000000,-14742.000000,185.000000,-14742.000000
185.000000,-14946.000000,228.000000,-14946.000000,228.000000,-14772.000000,185.000000,-14772.000000
185.000000,-14976.000000,228.000000,-14976.000000,228.000000,-14802.000000,185.000000,-14802.000000
185.000000,-15006.000000,228.000000,-15006.000000,228.000000,-14832.000000,185.000000,-14832.000000
185.000000,-15036.000000,228.000000,-15036.000000,228.000000,-14862.000000,185.000000,-14862.000000
185.000000,-15066.000000,228.000000,-15066.000000,228.000000,-14892.000000,185.000000,-14892.000000
185.000000,-15096.000000,228.000000,-15096.000000,228.000000,-14922.000000,185.000000,-14922.000000
185.000000,-15126.000000,228.000000,-15126.000000,228.000000,-14952.000000,185.000000,-14952.000000
185.000000,-15156.000000,228.000000,-15156.000000,228.000000,-14982.000000,185.000000,-14982.000000
185.000000,-15186.000000,228.000000,-15186.000000,228.000000,-15012.000000,185.000000,-15012.000000
185.000000,-15216.000000,228.000000,-15216.000000,228.000000,-15042.000000,185.000000,-15042.000000
185.000000,-15246.000000,228.000000,-15246.000000,228.000000,-15072.000000,185.000000,-15072.000000
185.000000,-15276.000000,228.000000,-15276.000000,228.000000,-15102.000000,185.000000,-15102.000000
185.000000,-15306.000000,228.000000,-15306.000000,228.000000,-15132.000000,185.000000,-15132.000000
185.000000,-15336.000000,228.000000,-15336.000000,228.000000,-15162.000000,185.000000,-15162.000000
185.000000,-15366.000000,228.000000,-15366.000000,228.000000,-15192.000000,185.000000,-15192.000000
185.000000,-15396.000000,228.000000,-15396.000000,228.000000,-15222.000000,185.000000,-15222.000000
185.000000,-15426.000000,228.000000,-15426.000000,228.000000,-15252.000000,185.000000,-15252.000000
185.000000,-15456.000000,228.000000,-15456.000000,228.000000,-15282.000000,185.000000,-15282.000000
185.000000,-15486.000000,228.000000,-15486.000000,228.000000,-15312.000000,185.000000,-15312.000000
185.000000,-15516.000000,228.000000,-15516.000000,228.000000,-15342.000000,185.000000,-15342.000000
185.000000,-15546.000000,228.000000,-15546.000000,228.000000,-15372.000000,185.000000,-15372.000000
185.000000,-15576.000000,228.000000,-15576.000000,228.000000,-15402.000000,185.000000,-15402.000000
185.000000,-15606.000000,228.000000,-15606.000000,228.000000,-15432.000000,185.000000,-15432.000000
185.000000,-15636.000000,228.000000,-15636.000000,228.000000,-15462.000000,185.000000,-15462.000000
185.000000,-15666.000000,228.000000,-15666.000000,228.000000,-15492.000000,185.000000,-15492.000000
185.000000,-15696.000000,228.000000,-15696.000000,228.000000,-15522.000000,185.000000,-15522.000000
185.000000,-15726.000000,228.000000,-15726.000000,228.000000,-15552.000000,185.000000,-15552.000000
185.000000,-15756.000000,228.000000,-15756.000000,228.000000,-15582.000000,185.000000,-15582.000000
185.000000,-15786.000000,228.000000,-15786.000000,228.000000,-15612.000000,185.000000,-15612.000000
185.000000,-15816.000000,228.000000,-15816.000000,228.000000,-15642.000000,185.000000,-15642.000000
185.000000,-15846.000000,228.000000,-15846.000000,228.000000,-15672.000000,185.000000,-15672.000000
185.000000,-15876.000000,228.000000,-15876.000000,228.000000,-15702.000000,185.000000,-15702.000000
185.000000,-15906.000000,228.000000,-15906.000000,228.000000,-15732.000000,185.000000,-15732.000000
185.000000,-15936.000000,228.000000,-15936.000000,228.000000,-15762.000000,185.000000,-15762.000000
185.000000,-15966.000000,228.000000,-15966.000000,228.000000,-15792.000000,185.000000,-15792.000000
185.000000,-15996.000000,228.000000,-15996.000000,228.000000,-15822.000000,185.000000,-15822.000000
185.000000,-16026.000000,228.000000,-16026.000000,228.000000,-15852.000000,185.000000,-15852.000000
185.000000,-16056.000000,228.000000,-16056.000000,228.000000,-15882.000000,185.000000,-15882.000000
185.000000,-16086.000000,228.000000,-16086.000000,228.000000,-15912.000000,185.000000,-15912.000000
185.000000,-16116.000000,228.000000,-16116.000000,228.000000,-15942.000000,185.000000,-15942.000000
185.000000,-16146.000000,228.000000,-16146.000000,228.000000,-15972.000000,185.000000,-15972.000000
185.000000,-16176.000000,228.000000,-16176.000000,228.000000,-16002.000000,185.000000,-16002.000000
185.000000,-16206.000000,228.000000,-16206.000000,228.000000,-16032.000000,185.000000,-16032.000000
185.000000,-16236.000000,228.000000,-16236.000000,228.000000,-16062.000000,185.000000,-16062.000000
185.000000,-16266.000000,228.000000,-16266.000000,228.000000,-16092.000000,185.000000,-16092.000000
185.000000,-16296.000000,228.000000,-16296.000000,228.000000,-16122.000000,185.000000,-16122.000000
185.000000,-16326.000000,228.000000,-16326.000000,228.000000,-16152.000000,185.000000,-16152.000000
185.000000,-16356.000000,228.000000,-16356.000000,228.000000,-16182.000000,185.000000,-16182.000000
185.000000,-16386.000000,228.000000,-16386.000000,228.000000,-16212.000000,185.000000,-16212.000000
185.000000,-16416.000000,228.000000,-16416.000000,228.000000,-16242.000000,185.000000,-16242.000000
185.000000,-16446.000000,228.000000,-16446.000000,228.000000,-16272.000000,185.000000,-16272.000000
185.000000,-16476.000000,228.000000,-16476.000000,228.000000,-16302.000000,185.000000,-16302.000000
185.000000,-16506.000000,228.000000,-16506.000000,228.000000,-16332.000000,185.000000,-16332.000000
185.000000,-16536.000000,228.000000,-16536.000000,228.000000,-16362.000000,185.000000,-16362.000000
185.000000,-16566.000000,228.000000,-16566.000000,228.000000,-16392.000000,185.000000,-16392.000000
185.000000,-16596.000000,228.000000,-16596.000000,228.000000,-16422.000000,185.000000,-16422.000000
185.000000,-16626.000000,228.000000,-16626.000000,228.000000,-16452.000000,185.000000,-16452.000000
185.000000,-16656.000000,228.000000,-16656.000000,228.000000,-16482.000000,185.000000,-16482.000000
185.000000,-16686.000000,228.000000,-16686.000000,228.000000,-16512.000000,185.000000,-16512.000000
185.000000,-16716.000000,228.000000,-16716.000000,228.000000,-16542.000000,185.000000,-16542.000000
185.000000,-16746.000000,228.000000,-16746.000000,228.000000,-16572.000000,185.000000,-16572.000000
185.000000,-16776.000000,228.000000,-16776.000000,228.000000,-16602.000000,185.000000,-16602.000000
185.000000,-16806.000000,228.000000,-16806.000000,228.000000,-16632.000000,185.000000,-16632.000000
185.000000,-16836.000000,228.000000,-16836.000000,228.000000,-16662.000000,185.000000,-16662.000000
185.000000,-16866.000000,228.000000,-16866.000000,228.000000,-16692.000000,185.000000,-16692.000000
185.000000,-16896.000000,228.000000,-16896.000000,228.000000,-16722.000000,185.000000,-16722.000000
185.000000,-16926.000000,228.000000,-16926.000000,228.000000,-16752.000000,185.000000,-16752.000000
185.000000,-16956.000000,228.000000,-16956.000000,228.000000,-16782.000000,185.000000,-16782.000000
185.000000,-16986.000000,228.000000,-16986.000000,228.000000,-16812.000000,185.000000,-16812.000000
185.000000,-17016.000000,228.000000,-17016.000000,228.000000,-16842.000000,185.000000,-16842.000000
185.000000,-17046.000000,228.000000,-17046.000000,228.000000,-16872.000000,185.000000,-16872.000000
185.000000,-17076.000000,228.000000,-17076.000000,228.000000,-16902.000000,185.000000,-16902.000000
185.000000,-17106.000000,228.000000,-17106.000000,228.000000,-16932.000000,185.000000,-16932.000000
185.000000,-17136.000000,228.000000,-17136.000000,228.000000,-16962.000000,185.000000,-16962.000000
185.000000,-17166.000000,228.000000,-17166.000000,228.000000,-16992.000000,185.000000,-16992.000000
185.000000,-17196.000000,228.000000,-17196.000000,228.000000,-17022.000000,185.000000,-17022.000000
185.000000,-17226.000000,228.000000,-17226.000000,228.000000,-17052.000000,185.000000,-17052.000000
185.000000,-17256.000000,228.000000,-17256.000000,228.000000,-17082.000000,185.000000,-17082.000000
185.000000,-17286.000000,228.000000,-17286.000000,228.000000,-17112.000000,185.000000,-17112.000000
185.000000,-17316.000000,228.000000,-17316.000000,228.000000,-17142.000000,185.000000,-17142.000000
185.000000,-17346.000000,228.000000,-17346.000000,228.000000,-17172.000000,185.000000,-17172.000000
185.000000,-17376.000000,228.000000,-17376.000000,228.000000,-17202.000000,185.000000,-17202.000000
185.000000,-17406.000000,228.000000,-17406.000000,228.000000,-17232.000000,185.000000,-17232.000000
185.000000,-17436.000000,228.000000,-17436.000000,228.000000,-17262.000000,185.000000,-17262.000000
185.000000,-17466.000000,228.000000,-17466.000000,228.000000,-17292.000000,185.000000,-17292.000000
185.000000,-17496.000000,228.000000,-17496.000000,228.000000,-17322.000000,185.000000,-17322.000000
185.000000,-17526.000000,228.000000,-17526.000000,228.000000,-17352.000000,185.000000,-17352.000000
185.000000,-17556.000000,228.000000,-17556.000000,228.000000,-17382.000000,185.000000,-17382.000000
185.000000,-17586.000000,228.000000,-17586.000000,228.000000,-17412.000000,185.000000,-17412.000000
185.000000,-17616.000000,228.000000,-17616.000000,228.000000,-17442.000000,185.000000,-17442.000000
185.000000,-17646.000000,228.000000,-17646.000000,228.000000,-17472.000000,185.000000,-17472.000000
185.000000,-17676.000000,228.000000,-17676.000000,228.000000,-17502.000000,185.000000,-17502.000000
185.000000,-17706.000000,228.000000,-17706.000000,228.000000,-17532.000000,185.000000,-17532.000000
185.000000,-17736.000000,228.000000,-17736.000000,228.000000,-17562.000000,185.000000,-17562.000000
185.000000,-17766.000000,228.000000,-17766.000000,228.000000,-17592.000000,185.000000,-17592.000000
185.000000,-17796.000000,228.000000,-17796.000000,228.000000,-17622.000000,185.000000,-17622.000000
185.000000,-17826.000000,228.000000,-17826.000000,228.000000,-17652.000000,185.000000,-17652.000000
185.000000,-17856.000000,228.000000,-17856.000000,228.000000,-17682.000000,185.000000,-17682.000000
185.000000,-17886.000000,228.000000,-17886.000000,228.000000,-17712.000000,185.000000,-17712.000000
185.000000,-17916.000000,228.000000,-17916.000000,228.000000,-17742.000000,185.000000,-17742.000000
185.000000,-17946.000000,228.000000,-17946.000000,228.000000,-17772.000000,185.000000,-17772.000000
185.000000,-17976.000000,228.000000,-17976.000000,228.000000,-17802.000000,185.000000,-17802.000000
185.000000,-18006.000000,228.000000,-18006.000000,228.000000,-17832.000000,185.000000,-17832.000000
185.000000,-18036.000000,228.000000,-18036.000000,228.000000,-17862.000000,185.000000,-17862.000000
185.000000,-18066.000000,228.000000,-18066.000000,228.000000,-17892.000000,185.000000,-17892.000000
185.000000,-18096.000000,228.000000,-18096.000000,228.000000,-17922.000000,185.000000,-17922.000000
185.000000,-18126.000000,228.000000,-18126.000000,228.000000,-17952.000000,185.000000,-17952.000000
185.000000,-18156.000000,228.000000,-18156.000000,228.000000,-17982.000000,185.000000,-17982.000000
185.000000,-18186.000000,228.000000,-18186.000000,228.000000,-18012.000000,185.000000,-18012.000000
185.000000,-18216.000000,228.000000,-18216.000000,228.000000,-18042.000000,185.000000,-18042.000000
185.000000,-18246.000000,228.000000,-18246.000000,228.000000,-18072.000000,185.000000,-18072.000000
185.000000,-18276.000000,228.000000,-18276.000000,228.000000,-18102.000000,185.000000,-18102.000000
185.000000,-18306.000000,228.000000,-18306.000000,228.000000,-18132.000000,185.000000,-18132.000000
185.000000,-18336.000000,228.000000,-18336.000000,228.000000,-18162.000000,185.000000,-18162.000000
185.000000,-18366.000000,228.000000,-18366.000000,228.000000,-18192.000000,185.000000,-18192.000000
185.000000,-18396.000000,228.000000,-18396.000000,228.000000,-18222.000000,185.000000,-18222.000000
185.000000,-18426.000000,228.000000,-18426.000000,228.000000,-18252.000000,185.000000,-18252.000000
185.000000,-18456.000000,228.000000,-18456.000000,228.000000,-18282.000000,185.000000,-18282.000000
185.000000,-18486.000000,228.000000,-18486.000000,228.000000,-18312.000000,185.000000,-18312.000000
185.000000,-18516.000000,228.000000,-18516.000000,228.000000,-18342.000000,185.000000,-18342.000000
185.000000,-18546.000000,228.000000,-18546.000000,228.000000,-18372.000000,185.000000,-18372.000000
185.000000,-18576.000000,228.000000,-18576.000000,228.000000,-18402.000000,185.000000,-18402.000000
185.000000,-18606.000000,228.000000,-18606.000000,228.000000,-18432.000000,185.000000,-18432.000000
185.000000,-18636.000000,228.000000,-18636.000000,228.000000,-18462.000000,185.000000,-18462.000000
185.000000,-18666.000000,228.000000,-18666.000000,228.000000,-18492.000000,185.000000,-18492.000000
185.000000,-18696.000000,228.000000,-18696.000000,228.000000,-18522.000000,185.000000,-18522.000000
185.000000,-18726.000000,228.000000,-18726.000000,228.000000,-18552.000000,185.000000,-18552.000000
185.000000,-18756.000000,228.000000,-18756.000000,228.000000,-18582.000000,185.000000,-18582.000000
185.000000,-18786.000000,228.000000,-18786.000000,228.000000,-18612.000000,185.000000,-18612.000000
185.000000,-18816.000000,228.000000,-18816.000000,228.000000,-18642.000000,185.000000,-18642.000000
185.000000,-18846.000000,228.000000,-18846.000000,228.000000,-18672.000000,185.000000,-18672.000000
185.000000,-18876.000000,228.000000,-18876.000000,228.000000,-18702.000000,185.000000,-18702.000000
185.000000,-18906.000000,228.000000,-18906.000000,228.000000,-18732.000000,185.000000,-18732.000000
185.000000,-18936.000000,228.000000,-18936.000000,228.000000,-18762.000000,185.000000,-18762.000000
185.000000,-18966.000000,228.000000,-18966.000000,228.000000,-18792.000000,185.000000,-18792.000000
185.000000,-18996.000000,228.000000,-18996.000000,228.000000,-18822.000000,185.000000,-18822.000000
