738.000000,229.000000,921.000000,229.000000,921.000000,332.000000,738.000000,332.000000
740.000000,229.000000,923.000000,229.000000,923.000000,332.000000,740.000000,332.000000
742.000000,229.000000,925.000000,229.000000,925.000000,332.000000,742.000000,332.000000
744.000000,229.000000,927.000000,229.000000,927.000000,332.000000,744.000000,332.000000
747.000000,229.000000,930.000000,229.000000,930.000000,332.000000,747.000000,332.000000
750.000000,229.000000,933.000000,229.000000,933.000000,332.000000,750.000000,332.000000
758.000000,229.000000,941.000000,229.000000,941.000000,332.000000,758.000000,332.000000
762.000000,229.000000,945.000000,229.000000,945.000000,332.000000,762.000000,332.000000
765.000000,228.000000,948.000000,228.000000,948.000000,331.000000,765.000000,331.000000
767.000000,228.000000,950.000000,228.000000,950.000000,331.000000,767.000000,331.000000
770.000000,227.000000,953.000000,227.000000,953.000000,330.000000,770.000000,330.000000
774.000000,227.000000,957.000000,227.000000,957.000000,330.000000,774.000000,330.000000
775.000000,227.000000,958.000000,227.000000,958.000000,330.000000,775.000000,330.000000
776.000000,227.000000,959.000000,227.000000,959.000000,330.000000,776.000000,330.000000
777.000000,227.000000,960.000000,227.000000,960.000000,330.000000,777.000000,330.000000
778.000000,227.000000,961.000000,227.000000,961.000000,330.000000,778.000000,330.000000
781.000000,226.000000,964.000000,226.000000,964.000000,329.000000,781.000000,329.000000
783.000000,225.000000,966.000000,225.000000,966.000000,328.000000,783.000000,328.000000
785.000000,225.000000,968.000000,225.000000,968.000000,328.000000,785.000000,328.000000
787.000000,224.000000,970.000000,224.000000,970.000000,327.000000,787.000000,327.000000
790.000000,223.000000,973.000000,223.000000,973.000000,326.000000,790.000000,326.000000
795.000000,221.000000,978.000000,221.000000,978.000000,324.000000,795.000000,324.000000
800.000000,220.000000,983.000000,220.000000,983.000000,323.000000,800.000000,323.000000
804.000000,219.000000,987.000000,219.000000,987.000000,322.000000,804.000000,322.000000
808.000000,219.000000,991.000000,219.000000,991.000000,322.000000,808.000000,322.000000
811.000000,218.000000,994.000000,218.000000,994.000000,321.000000,811.000000,321.000000
816.000000,221.000000,999.000000,221.000000,999.000000,324.000000,816.000000,324.000000
820.000000,222.000000,1003.000000,222.000000,1003.000000,325.000000,820.000000,325.000000
824.000000,222.000000,1007.000000,222.000000,1007.000000,325.000000,824.000000,325.000000
831.000000,223.000000,1014.000000,223.000000,1014.000000,326.000000,831.000000,326.000000
837.000000,225.000000,1020.000000,225.000000,1020.000000,328.000000,837.000000,328.000000
847.000000,230.000000,1030.000000,230.000000,1030.000000,333.000000,847.000000,333.000000
856.000000,232.000000,1039.000000,232.000000,1039.000000,335.000000,856.000000,335.000000
862.000000,231.000000,1045.000000,231.000000,1045.000000,334.000000,862.000000,334.000000
868.000000,229.000000,1051.000000,229.000000,1051.000000,332.000000,868.000000,332.000000
872.000000,227.000000,1055.000000,227.000000,1055.000000,330.000000,872.000000,330.000000
875.000000,224.000000,1058.000000,224.000000,1058.000000,327.000000,875.000000,327.000000
876.000000,222.000000,1059.000000,222.000000,1059.000000,325.000000,876.000000,325.000000
879.000000,221.000000,1062.000000,221.000000,1062.000000,324.000000,879.000000,324.000000
884.000000,219.000000,1067.000000,219.000000,1067.000000,322.000000,884.000000,322.000000
888.000000,218.000000,1071.000000,218.000000,1071.000000,321.000000,888.000000,321.000000
894.000000,217.000000,1077.000000,217.000000,1077.000000,320.000000,894.000000,320.000000
899.000000,216.000000,1082.000000,216.000000,1082.000000,319.000000,899.000000,319.000000
903.000000,216.000000,1086.000000,216.000000,1086.000000,319.000000,903.000000,319.000000
905.000000,214.000000,1088.000000,214.000000,1088.000000,317.000000,905.000000,317.000000
907.000000,213.000000,1090.000000,213.000000,1090.000000,316.000000,907.000000,316.000000
919.000000,213.000000,1102.000000,213.000000,1102.000000,316.000000,919.000000,316.000000
923.000000,212.000000,1106.000000,212.000000,1106.000000,315.000000,923.000000,315.000000
928.000000,212.000000,1111.000000,212.000000,1111.000000,315.000000,928.000000,315.000000
936.000000,211.000000,1119.000000,211.000000,1119.000000,314.000000,936.000000,314.000000
940.000000,210.000000,1123.000000,210.000000,1123.000000,313.000000,940.000000,313.000000
942.000000,210.000000,1125.000000,210.000000,1125.000000,313.000000,942.000000,313.000000
947.000000,210.000000,1130.000000,210.000000,1130.000000,313.000000,947.000000,313.000000
951.000000,209.000000,1134.000000,209.000000,1134.000000,312.000000,951.000000,312.000000
954.000000,208.000000,1137.000000,208.000000,1137.000000,311.000000,954.000000,311.000000
954.000000,207.000000,1137.000000,207.000000,1137.000000,310.000000,954.000000,310.000000
956.000000,206.000000,1139.000000,206.000000,1139.000000,309.000000,956.000000,309.000000
958.000000,206.000000,1141.000000,206.000000,1141.000000,309.000000,958.000000,309.000000
959.000000,206.000000,1142.000000,206.000000,1142.000000,309.000000,959.000000,309.000000
962.000000,206.000000,1145.000000,206.000000,1145.000000,309.000000,962.000000,309.000000
965.000000,206.000000,1148.000000,206.000000,1148.000000,309.000000,965.000000,309.000000
968.000000,206.000000,1151.000000,206.000000,1151.000000,309.000000,968.000000,309.000000
971.000000,206.000000,1154.000000,206.000000,1154.000000,309.000000,971.000000,309.000000
974.000000,206.000000,1157.000000,206.000000,1157.000000,309.000000,974.000000,309.000000
977.000000,206.000000,1160.000000,206.000000,1160.000000,309.000000,977.000000,309.000000
980.000000,206.000000,1163.000000,206.000000,1163.000000,309.000000,980.000000,309.000000
983.000000,206.000000,1166.000000,206.000000,1166.000000,309.000000,983.000000,309.000000
986.000000,206.000000,1169.000000,206.000000,1169.000000,309.000000,986.000000,309.000000
989.000000,206.000000,1172.000000,206.000000,1172.000000,309.000000,989.000000,309.000000
992.000000,206.000000,1175.000000,206.000000,1175.000000,309.000000,992.000000,309.000000
995.000000,206.000000,1178.000000,206.000000,1178.000000,309.000000,995.000000,309.000000
998.000000,206.000000,1181.000000,206.000000,1181.000000,309.000000,998.000000,309.000000
1001.000000,206.000000,1184.000000,206.000000,1184.000000,309.000000,1001.000000,309.000000
1004.000000,206.000000,1187.000000,206.000000,1187.000000,309.000000,1004.000000,309.000000
1007.000000,206.000000,1190.000000,206.000000,1190.000000,309.000000,1007.000000,309.000000
1010.000000,206.000000,1193.000000,206.000000,1193.000000,309.000000,1010.000000,309.000000
1013.000000,206.000000,1196.000000,206.000000,1196.000000,309.000000,1013.000000,309.000000
1016.000000,206.000000,1199.000000,206.000000,1199.000000,309.000000,1016.000000,309.000000
1019.000000,206.000000,1202.000000,206.000000,1202.000000,309.000000,1019.000000,309.000000
1022.000000,206.000000,1205.000000,206.000000,1205.000000,309.000000,1022.000000,309.000000
1025.000000,206.000000,1208.000000,206.000000,1208.000000,309.000000,1025.000000,309.000000
1028.000000,206.000000,1211.000000,206.000000,1211.000000,309.000000,1028.000000,309.000000
1031.000000,206.000000,1214.000000,206.000000,1214.000000,309.000000,1031.000000,309.000000
1034.000000,206.000000,1217.000000,206.000000,1217.000000,309.000000,1034.000000,309.000000
1037.000000,206.000000,1220.000000,206.000000,1220.000000,309.000000,1037.000000,309.000000
1040.000000,206.000000,1223.000000,206.000000,1223.000000,309.000000,1040.000000,309.000000
1043.000000,206.000000,1226.000000,206.000000,1226.000000,309.000000,1043.000000,309.000000
1046.000000,206.000000,1229.000000,206.000000,1229.000000,309.000000,1046.000000,309.000000
1049.000000,206.000000,1232.000000,206.000000,1232.000000,309.000000,1049.000000,309.000000
1052.000000,206.000000,1235.000000,206.000000,1235.000000,309.000000,1052.000000,309.000000
1055.000000,206.000000,1238.000000,206.000000,1238.000000,309.000000,1055.000000,309.000000
1058.000000,206.000000,1241.000000,206.000000,1241.000000,309.000000,1058.000000,309.000000
1061.000000,206.000000,1244.000000,206.000000,1244.000000,309.000000,1061.000000,309.000000
1064.000000,206.000000,1247.000000,206.000000,1247.000000,309.000000,1064.000000,309.000000
1067.000000,206.000000,1250.000000,206.000000,1250.000000,309.000000,1067.000000,309.000000
1070.000000,206.000000,1253.000000,206.000000,1253.000000,309.000000,1070.000000,309.000000
1073.000000,206.000000,1256.000000,206.000000,1256.000000,309.000000,1073.000000,309.000000
1076.000000,206.000000,1259.000000,206.000000,1259.000000,309.000000,1076.000000,309.000000
1079.000000,206.000000,1262.000000,206.000000,1262.000000,309.000000,1079.000000,309.000000
1082.000000,206.000000,1265.000000,206.000000,1265.000000,309.000000,1082.000000,309.000000
1085.000000,206.000000,1268.000000,206.000000,1268.000000,309.000000,1085.000000,309.000000
1088.000000,206.000000,1271.000000,206.000000,1271.000000,309.000000,1088.000000,309.000000
1091.000000,206.000000,1274.000000,206.000000,1274.000000,309.000000,1091.000000,309.000000
1094.000000,206.000000,1277.000000,206.000000,1277.000000,309.000000,1094.000000,309.000000
1097.000000,206.000000,1280.000000,206.000000,1280.000000,309.000000,1097.000000,309.000000
1100.000000,206.000000,1283.000000,206.000000,1283.000000,309.000000,1100.000000,309.000000
1103.000000,206.000000,1286.000000,206.000000,1286.000000,309.000000,1103.000000,309.000000
1106.000000,206.000000,1289.000000,206.000000,1289.000000,309.000000,1106.000000,309.000000
1109.000000,206.000000,1292.000000,206.000000,1292.000000,309.000000,1109.000000,309.000000
1112.000000,206.000000,1295.000000,206.000000,1295.000000,309.000000,1112.000000,309.000000
1115.000000,206.000000,1298.000000,206.000000,1298.000000,309.000000,1115.000000,309.000000
1118.000000,206.000000,1301.000000,206.000000,1301.000000,309.000000,1118.000000,309.000000
1121.000000,206.000000,1304.000000,206.000000,1304.000000,309.000000,1121.000000,309.000000
1124.000000,206.000000,1307.000000,206.000000,1307.000000,309.000000,1124.000000,309.000000
1127.000000,206.000000,1310.000000,206.000000,1310.000000,309.000000,1127.000000,309.000000
1130.000000,206.000000,1313.000000,206.000000,1313.000000,309.000000,1130.000000,309.000000
1133.000000,206.000000,1316.000000,206.000000,1316.000000,309.000000,1133.000000,309.000000
1136.000000,206.000000,1319.000000,206.000000,1319.000000,309.000000,1136.000000,309.000000
1139.000000,206.000000,1322.000000,206.000000,1322.000000,309.000000,1139.000000,309.000000
1142.000000,206.000000,1325.000000,206.000000,1325.000000,309.000000,1142.000000,309.000000
1145.000000,206.000000,1328.000000,206.000000,1328.000000,309.000000,1145.000000,309.000000
1148.000000,206.000000,1331.000000,206.000000,1331.000000,309.000000,1148.000000,309.000000
1151.000000,206.000000,1334.000000,206.000000,1334.000000,309.000000,1151.000000,309.000000
1154.000000,206.000000,1337.000000,206.000000,1337.000000,309.000000,1154.000000,309.000000
1157.000000,206.000000,1340.000000,206.000000,1340.000000,309.000000,1157.000000,309.000000
1160.000000,206.000000,1343.000000,206.000000,1343.000000,309.000000,1160.000000,309.000000
1163.000000,206.000000,1346.000000,206.000000,1346.000000,309.000000,1163.000000,309.000000
1166.000000,206.000000,1349.000000,206.000000,1349.000000,309.000000,1166.000000,309.000000
1169.000000,206.000000,1352.000000,206.000000,1352.000000,309.000000,1169.000000,309.000000
1172.000000,206.000000,1355.000000,206.000000,1355.000000,309.000000,1172.000000,309.000000
1175.000000,206.000000,1358.000000,206.000000,1358.000000,309.000000,1175.000000,309.000000
1178.000000,206.000000,1361.000000,206.000000,1361.000000,309.000000,1178.000000,309.000000
1181.000000,206.000000,1364.000000,206.000000,1364.000000,309.000000,1181.000000,309.000000
1184.000000,206.000000,1367.000000,206.000000,1367.000000,309.000000,1184.000000,309.000000
1187.000000,206.000000,1370.000000,206.000000,1370.000000,309.000000,1187.000000,309.000000
1190.000000,206.000000,1373.000000,206.000000,1373.000000,309.000000,1190.000000,309.000000
1193.000000,206.000000,1376.000000,206.000000,1376.000000,309.000000,1193.000000,309.000000
1196.000000,206.000000,1379.000000,206.000000,1379.000000,309.000000,1196.000000,309.000000
1199.000000,206.000000,1382.000000,206.000000,1382.000000,309.000000,1199.000000,309.000000
1202.000000,206.000000,1385.000000,206.000000,1385.000000,309.000000,1202.000000,309.000000
1205.000000,206.000000,1388.000000,206.000000,1388.000000,309.000000,1205.000000,309.000000
1208.000000,206.000000,1391.000000,206.000000,1391.000000,309.000000,1208.000000,309.000000
1211.000000,206.000000,1394.000000,206.000000,1394.000000,309.000000,1211.000000,309.000000
1214.000000,206.000000,1397.000000,206.000000,1397.000000,309.000000,1214.000000,309.000000
1217.000000,206.000000,1400.000000,206.000000,1400.000000,309.000000,1217.000000,309.000000
1220.000000,206.000000,1403.000000,206.000000,1403.000000,309.000000,1220.000000,309.000000
1223.000000,206.000000,1406.000000,206.000000,1406.000000,309.000000,1223.000000,309.000000
1226.000000,206.000000,1409.000000,206.000000,1409.000000,309.000000,1226.000000,309.000000
1229.000000,206.000000,1412.000000,206.000000,1412.000000,309.000000,1229.000000,309.000000
1232.000000,206.000000,1415.000000,206.000000,1415.000000,309.000000,1232.000000,309.000000
1235.000000,206.000000,1418.000000,206.000000,1418.000000,309.000000,1235.000000,309.000000
1238.000000,206.000000,1421.000000,206.000000,1421.000000,309.000000,1238.000000,309.000000
1241.000000,206.000000,1424.000000,206.000000,1424.000000,309.000000,1241.000000,309.000000
1244.000000,206.000000,1427.000000,206.000000,1427.000000,309.000000,1244.000000,309.000000
1247.000000,206.000000,1430.000000,206.000000,1430.000000,309.000000,1247.000000,309.000000
1250.000000,206.000000,1433.000000,206.000000,1433.000000,309.000000,1250.000000,309.000000
1253.000000,206.000000,1436.000000,206.000000,1436.000000,309.000000,1253.000000,309.000000
1256.000000,206.000000,1439.000000,206.000000,1439.000000,309.000000,1256.000000,309.000000
1259.000000,206.000000,1442.000000,206.000000,1442.000000,309.000000,1259.000000,309.000000
1262.000000,206.000000,1445.000000,206.000000,1445.000000,309.000000,1262.000000,309.000000
1265.000000,206.000000,1448.000000,206.000000,1448.000000,309.000000,1265.000000,309.000000
1268.000000,206.000000,1451.000000,206.000000,1451.000000,309.000000,1268.000000,309.000000
1271.000000,206.000000,1454.000000,206.000000,1454.000000,309.000000,1271.000000,309.000000
1274.000000,206.000000,1457.000000,206.000000,1457.000000,309.000000,1274.000000,309.000000
1277.000000,206.000000,1460.000000,206.000000,1460.000000,309.000000,1277.000000,309.000000
1280.000000,206.000000,1463.000000,206.000000,1463.000000,309.000000,1280.000000,309.000000
1283.000000,206.000000,1466.000000,206.000000,1466.000000,309.000000,1283.000000,309.000000
1286.000000,206.000000,1469.000000,206.000000,1469.000000,309.000000,1286.000000,309.000000
1289.000000,206.000000,1472.000000,206.000000,1472.000000,309.000000,1289.000000,309.000000
1292.000000,206.000000,1475.000000,206.000000,1475.000000,309.000000,1292.000000,309.000000
1295.000000,206.000000,1478.000000,206.000000,1478.000000,309.000000,1295.000000,309.000000
1298.000000,206.000000,1481.000000,206.000000,1481.000000,309.000000,1298.000000,309.000000
1301.000000,206.000000,1484.000000,206.000000,1484.000000,309.000000,1301.000000,309.000000
1304.000000,206.000000,1487.000000,206.000000,1487.000000,309.000000,1304.000000,309.000000
1307.000000,206.000000,1490.000000,206.000000,1490.000000,309.000000,1307.000000,309.000000
1310.000000,206.000000,1493.000000,206.000000,1493.000000,309.000000,1310.000000,309.000000
1313.000000,206.000000,1496.000000,206.000000,1496.000000,309.000000,1313.000000,309.000000
1316.000000,206.000000,1499.000000,206.000000,1499.000000,309.000000,1316.000000,309.000000
1319.000000,206.000000,1502.000000,206.000000,1502.000000,309.000000,1319.000000,309.000000
1322.000000,206.000000,1505.000000,206.000000,1505.000000,309.000000,1322.000000,309.000000
1325.000000,206.000000,1508.000000,206.000000,1508.000000,309.000000,1325.000000,309.000000
1328.000000,206.000000,1511.000000,206.000000,1511.000000,309.000000,1328.000000,309.000000
1331.000000,206.000000,1514.000000,206.000000,1514.000000,309.000000,1331.000000,309.000000
1334.000000,206.000000,1517.000000,206.000000,1517.000000,309.000000,1334.000000,309.000000
1337.000000,206.000000,1520.000000,206.000000,1520.000000,309.000000,1337.000000,309.000000
1340.000000,206.000000,1523.000000,206.000000,1523.000000,309.000000,1340.000000,309.000000
1343.000000,206.000000,1526.000000,206.000000,1526.000000,309.000000,1343.000000,309.000000
1346.000000,206.000000,1529.000000,206.000000,1529.000000,309.000000,1346.000000,309.000000
1349.000000,206.000000,1532.000000,206.000000,1532.000000,309.000000,1349.000000,309.000000
1352.000000,206.000000,1535.000000,206.000000,1535.000000,309.000000,1352.000000,309.000000
1355.000000,206.000000,1538.000000,206.000000,1538.000000,309.000000,1355.000000,309.000000
1358.000000,206.000000,1541.000000,206.000000,1541.000000,309.000000,1358.000000,309.000000
1361.000000,206.000000,1544.000000,206.000000,1544.000000,309.000000,1361.000000,309.000000
1364.000000,206.000000,1547.000000,206.000000,1547.000000,309.000000,1364.000000,309.000000
1367.000000,206.000000,1550.000000,206.000000,1550.000000,309.000000,1367.000000,309.000000
1370.000000,206.000000,1553.000000,206.000000,1553.000000,309.000000,1370.000000,309.000000
1373.000000,206.000000,1556.000000,206.000000,1556.000000,309.000000,1373.000000,309.000000
1376.000000,206.000000,1559.000000,206.000000,1559.000000,309.000000,1376.000000,309.000000
1379.000000,206.000000,1562.000000,206.000000,1562.000000,309.000000,1379.000000,309.000000
1382.000000,206.000000,1565.000000,206.000000,1565.000000,309.000000,1382.000000,309.000000
1385.000000,206.000000,1568.000000,206.000000,1568.000000,309.000000,1385.000000,309.000000
1388.000000,206.000000,1571.000000,206.000000,1571.000000,309.000000,1388.000000,309.000000
1391.000000,206.000000,1574.000000,206.000000,1574.000000,309.000000,1391.000000,309.000000
1394.000000,206.000000,1577.000000,206.000000,1577.000000,309.000000,1394.000000,309.000000
1397.000000,206.000000,1580.000000,206.000000,1580.000000,309.000000,1397.000000,309.000000
1400.000000,206.000000,1583.000000,206.000000,1583.000000,309.000000,1400.000000,309.000000
1403.000000,206.000000,1586.000000,206.000000,1586.000000,309.000000,1403.000000,309.000000
1406.000000,206.000000,1589.000000,206.000000,1589.000000,309.000000,1406.000000,309.000000
1409.000000,206.000000,1592.000000,206.000000,1592.000000,309.000000,1409.000000,309.000000
1412.000000,206.000000,1595.000000,206.000000,1595.000000,309.000000,1412.000000,309.000000
1415.000000,206.000000,1598.000000,206.000000,1598.000000,309.000000,1415.000000,309.000000
1418.000000,206.000000,1601.000000,206.000000,1601.000000,309.000000,1418.000000,309.000000
1421.000000,206.000000,1604.000000,206.000000,1604.000000,309.000000,1421.000000,309.000000
1424.000000,206.000000,1607.000000,206.000000,1607.000000,309.000000,1424.000000,309.000000
1427.000000,206.000000,1610.000000,206.000000,1610.000000,309.000000,1427.000000,309.000000
1430.000000,206.000000,1613.000000,206.000000,1613.000000,309.000000,1430.000000,309.000000
1433.000000,206.000000,1616.000000,206.000000,1616.000000,309.000000,1433.000000,309.000000
1436.000000,206.000000,1619.000000,206.000000,1619.000000,309.000000,1436.000000,309.000000
1439.000000,206.000000,1622.000000,206.000000,1622.000000,309.000000,1439.000000,309.000000
1442.000000,206.000000,1625.000000,206.000000,1625.000000,309.000000,1442.000000,309.000000
1445.000000,206.000000,1628.000000,206.000000,1628.000000,309.000000,1445.000000,309.000000
1448.000000,206.000000,1631.000000,206.000000,1631.000000,309.000000,1448.000000,309.000000
1451.000000,206.000000,1634.000000,206.000000,1634.000000,309.000000,1451.000000,309.000000
1454.000000,206.000000,1637.000000,206.000000,1637.000000,309.000000,1454.000000,309.000000
1457.000000,206.000000,1640.000000,206.000000,1640.000000,309.000000,1457.000000,309.000000
1460.000000,206.000000,1643.000000,206.000000,1643.000000,309.000000,1460.000000,309.000000
1463.000000,206.000000,1646.000000,206.000000,1646.000000,309.000000,1463.000000,309.000000
1466.000000,206.000000,1649.000000,206.000000,1649.000000,309.000000,1466.000000,309.000000
1469.000000,206.000000,1652.000000,206.000000,1652.000000,309.000000,1469.000000,309.000000
1472.000000,206.000000,1655.000000,206.000000,1655.000000,309.000000,1472.000000,309.000000
1475.000000,206.000000,1658.000000,206.000000,1658.000000,309.000000,1475.000000,309.000000
1478.000000,206.000000,1661.000000,206.000000,1661.000000,309.000000,1478.000000,309.000000
1481.000000,206.000000,1664.000000,206.000000,1664.000000,309.000000,1481.000000,309.000000
1484.000000,206.000000,1667.000000,206.000000,1667.000000,309.000000,1484.000000,309.000000
1487.000000,206.000000,1670.000000,206.000000,1670.000000,309.000000,1487.000000,309.000000
1490.000000,206.000000,1673.000000,206.000000,1673.000000,309.000000,1490.000000,309.000000
1493.000000,206.000000,1676.000000,206.000000,1676.000000,309.000000,1493.000000,309.000000
1496.000000,206.000000,1679.000000,206.000000,1679.000000,309.000000,1496.000000,309.000000
1499.000000,206.000000,1682.000000,206.000000,1682.000000,309.000000,1499.000000,309.000000
1502.000000,206.000000,1685.000000,206.000000,1685.000000,309.000000,1502.000000,309.000000
1505.000000,206.000000,1688.000000,206.000000,1688.000000,309.000000,1505.000000,309.000000
1508.000000,206.000000,1691.000000,206.000000,1691.000000,309.000000,1508.000000,309.000000
1511.000000,206.000000,1694.000000,206.000000,1694.000000,309.000000,1511.000000,309.000000
1514.000000,206.000000,1697.000000,206.000000,1697.000000,309.000000,1514.000000,309.000000
1517.000000,206.000000,1700.000000,206.000000,1700.000000,309.000000,1517.000000,309.000000
1520.000000,206.000000,1703.000000,206.000000,1703.000000,309.000000,1520.000000,309.000000
1523.000000,206.000000,1706.000000,206.000000,1706.000000,309.000000,1523.000000,309.000000
1526.000000,206.000000,1709.000000,206.000000,1709.000000,309.000000,1526.000000,309.000000
1529.000000,206.000000,1712.000000,206.000000,1712.000000,309.000000,1529.000000,309.000000
1532.000000,206.000000,1715.000000,206.000000,1715.000000,309.000000,1532.000000,309.000000
1535.000000,206.000000,1718.000000,206.000000,1718.000000,309.000000,1535.000000,309.000000
1538.000000,206.000000,1721.000000,206.000000,1721.000000,309.000000,1538.000000,309.000000
1541.000000,206.000000,1724.000000,206.000000,1724.000000,309.000000,1541.000000,309.000000
1544.000000,206.000000,1727.000000,206.000000,1727.000000,309.000000,1544.000000,309.000000
1547.000000,206.000000,1730.000000,206.000000,1730.000000,309.000000,1547.000000,309.000000
1550.000000,206.000000,1733.000000,206.000000,1733.000000,309.000000,1550.000000,309.000000
1553.000000,206.000000,1736.000000,206.000000,1736.000000,309.000000,1553.000000,309.000000
1556.000000,206.000000,1739.000000,206.000000,1739.000000,309.000000,1556.000000,309.000000
1559.000000,206.000000,1742.000000,206.000000,1742.000000,309.000000,1559.000000,309.000000
1562.000000,206.000000,1745.000000,206.000000,1745.000000,309.000000,1562.000000,309.000000
1565.000000,206.000000,1748.000000,206.000000,1748.000000,309.000000,1565.000000,309.000000
1568.000000,206.000000,1751.000000,206.000000,1751.000000,309.000000,1568.000000,309.000000
1571.000000,206.000000,1754.000000,206.000000,1754.000000,309.000000,1571.000000,309.000000
1574.000000,206.000000,1757.000000,206.000000,1757.000000,309.000000,1574.000000,309.000000
1577.000000,206.000000,1760.000000,206.000000,1760.000000,309.000000,1577.000000,309.000000
1580.000000,206.000000,1763.000000,206.000000,1763.000000,309.000000,1580.000000,309.000000
1583.000000,206.000000,1766.000000,206.000000,1766.000000,309.000000,1583.000000,309.000000
1586.000000,206.000000,1769.000000,206.000000,1769.000000,309.000000,1586.000000,309.000000
1589.000000,206.000000,1772.000000,206.000000,1772.000000,309.000000,1589.000000,309.000000
1592.000000,206.000000,1775.000000,206.000000,1775.000000,309.000000,1592.000000,309.000000
1595.000000,206.000000,1778.000000,206.000000,1778.000000,309.000000,1595.000000,309.000000
1598.000000,206.000000,1781.000000,206.000000,1781.000000,309.000000,1598.000000,309.000000
1601.000000,206.000000,1784.000000,206.000000,1784.000000,309.000000,1601.000000,309.000000
1604.000000,206.000000,1787.000000,206.000000,1787.000000,309.000000,1604.000000,309.000000
1607.000000,206.000000,1790.000000,206.000000,1790.000000,309.000000,1607.000000,309.000000
1610.000000,206.000000,1793.000000,206.000000,1793.000000,309.000000,1610.000000,309.000000
1613.000000,206.000000,1796.000000,206.000000,1796.000000,309.000000,1613.000000,309.000000
1616.000000,206.000000,1799.000000,206.000000,1799.000000,309.000000,1616.000000,309.000000
1619.000000,206.000000,1802.000000,206.000000,1802.000000,309.000000,1619.000000,309.000000
1622.000000,206.000000,1805.000000,206.000000,1805.000000,309.000000,1622.000000,309.000000
1625.000000,206.000000,1808.000000,206.000000,1808.000000,309.000000,1625.000000,309.000000
1628.000000,206.000000,1811.000000,206.000000,1811.000000,309.000000,1628.000000,309.000000
1631.000000,206.000000,1814.000000,206.000000,1814.000000,309.000000,1631.000000,309.000000
1634.000000,206.000000,1817.000000,206.000000,1817.000000,309.000000,1634.000000,309.000000
1637.000000,206.000000,1820.000000,206.000000,1820.000000,309.000000,1637.000000,309.000000
1640.000000,206.000000,1823.000000,206.000000,1823.000000,309.000000,1640.000000,309.000000
1643.000000,206.000000,1826.000000,206.000000,1826.000000,309.000000,1643.000000,309.000000
1646.000000,206.000000,1829.000000,206.000000,1829.000000,309.000000,1646.000000,309.000000
1649.000000,206.000000,1832.000000,206.000000,1832.000000,309.000000,1649.000000,309.000000
1652.000000,206.000000,1835.000000,206.000000,1835.000000,309.000000,1652.000000,309.000000
1655.000000,206.000000,1838.000000,206.000000,1838.000000,309.000000,1655.000000,309.000000
1658.000000,206.000000,1841.000000,206.000000,1841.000000,309.000000,1658.000000,309.000000
1661.000000,206.000000,1844.000000,206.000000,1844.000000,309.000000,1661.000000,309.000000
1664.000000,206.000000,1847.000000,206.000000,1847.000000,309.000000,1664.000000,309.000000
1667.000000,206.000000,1850.000000,206.000000,1850.000000,309.000000,1667.000000,309.000000
1670.000000,206.000000,1853.000000,206.000000,1853.000000,309.000000,1670.000000,309.000000
1673.000000,206.000000,1856.000000,206.000000,1856.000000,309.000000,1673.000000,309.000000
1676.000000,206.000000,1859.000000,206.000000,1859.000000,309.000000,1676.000000,309.000000
1679.000000,206.000000,1862.000000,206.000000,1862.000000,309.000000,1679.000000,309.000000
1682.000000,206.000000,1865.000000,206.000000,1865.000000,309.000000,1682.000000,309.000000
1685.000000,206.000000,1868.000000,206.000000,1868.000000,309.000000,1685.000000,309.000000
1688.000000,206.000000,1871.000000,206.000000,1871.000000,309.000000,1688.000000,309.000000
1691.000000,206.000000,1874.000000,206.000000,1874.000000,309.000000,1691.000000,309.000000
1694.000000,206.000000,1877.000000,206.000000,1877.000000,309.000000,1694.000000,309.000000
1697.000000,206.000000,1880.000000,206.000000,1880.000000,309.000000,1697.000000,309.000000
1700.000000,206.000000,1883.000000,206.000000,1883.000000,309.000000,1700.000000,309.000000
1703.000000,206.000000,1886.000000,206.000000,1886.000000,309.000000,1703.000000,309.000000
1706.000000,206.000000,1889.000000,206.000000,1889.000000,309.000000,1706.000000,309.000000
1709.000000,206.000000,1892.000000,206.000000,1892.000000,309.000000,1709.000000,309.000000
1712.000000,206.000000,1895.000000,206.000000,1895.000000,309.000000,1712.000000,309.000000
1715.000000,206.000000,1898.000000,206.000000,1898.000000,309.000000,1715.000000,309.000000
1718.000000,206.000000,1901.000000,206.000000,1901.000000,309.000000,1718.000000,309.000000
1721.000000,206.000000,1904.000000,206.000000,1904.000000,309.000000,1721.000000,309.000000
1724.000000,206.000000,1907.000000,206.000000,1907.000000,309.000000,1724.000000,309.000000
1727.000000,206.000000,1910.000000,206.000000,1910.000000,309.000000,1727.000000,309.000000
1730.000000,206.000000,1913.000000,206.000000,1913.000000,309.000000,1730.000000,309.000000
1733.000000,206.000000,1916.000000,206.000000,1916.000000,309.000000,1733.000000,309.000000
1736.000000,206.000000,1919.000000,206.000000,1919.000000,309.000000,1736.000000,309.000000
1739.000000,206.000000,1922.000000,206.000000,1922.000000,309.000000,1739.000000,309.000000
1742.000000,206.000000,1925.000000,206.000000,1925.000000,309.000000,1742.000000,309.000000
1745.000000,206.000000,1928.000000,206.000000,1928.000000,309.000000,1745.000000,309.000000
1748.000000,206.000000,1931.000000,206.000000,1931.000000,309.000000,1748.000000,309.000000
1751.000000,206.000000,1934.000000,206.000000,1934.000000,309.000000,1751.000000,309.000000
1754.000000,206.000000,1937.000000,206.000000,1937.000000,309.000000,1754.000000,309.000000
1757.000000,206.000000,1940.000000,206.000000,1940.000000,309.000000,1757.000000,309.000000
1760.000000,206.000000,1943.000000,206.000000,1943.000000,309.000000,1760.000000,309.000000
1763.000000,206.000000,1946.000000,206.000000,1946.000000,309.000000,1763.000000,309.000000
1766.000000,206.000000,1949.000000,206.000000,1949.000000,309.000000,1766.000000,309.000000
1769.000000,206.000000,1952.000000,206.000000,1952.000000,309.000000,1769.000000,309.000000
1772.000000,206.000000,1955.000000,206.000000,1955.000000,309.000000,1772.000000,309.000000
1775.000000,206.000000,1958.000000,206.000000,1958.000000,309.000000,1775.000000,309.000000
1778.000000,206.000000,1961.000000,206.000000,1961.000000,309.000000,1778.000000,309.000000
1781.000000,206.000000,1964.000000,206.000000,1964.000000,309.000000,1781.000000,309.000000
1784.000000,206.000000,1967.000000,206.000000,1967.000000,309.000000,1784.000000,309.000000
1787.000000,206.000000,1970.000000,206.000000,1970.000000,309.000000,1787.000000,309.000000
1790.000000,206.000000,1973.000000,206.000000,1973.000000,309.000000,1790.000000,309.000000
1793.000000,206.000000,1976.000000,206.000000,1976.000000,309.000000,1793.000000,309.000000
1796.000000,206.000000,1979.000000,206.000000,1979.000000,309.000000,1796.000000,309.000000
1799.000000,206.000000,1982.000000,206.000000,1982.000000,309.000000,1799.000000,309.000000
1802.000000,206.000000,1985.000000,206.000000,1985.000000,309.000000,1802.000000,309.000000
1805.000000,206.000000,1988.000000,206.000000,1988.000000,309.000000,1805.000000,309.000000
1808.000000,206.000000,1991.000000,206.000000,1991.000000,309.000000,1808.000000,309.000000
1811.000000,206.000000,1994.000000,206.000000,1994.000000,309.000000,1811.000000,309.000000
1814.000000,206.000000,1997.000000,206.000000,1997.000000,309.000000,1814.000000,309.000000
1817.000000,206.000000,2000.000000,206.000000,2000.000000,309.000000,1817.000000,309.000000
1820.000000,206.000000,2003.000000,206.000000,2003.000000,309.000000,1820.000000,309.000000
1823.000000,206.000000,2006.000000,206.000000,2006.000000,309.000000,1823.000000,309.000000
1826.000000,206.000000,2009.000000,206.000000,2009.000000,309.000000,1826.000000,309.000000
1829.000000,206.000000,2012.000000,206.000000,2012.000000,309.000000,1829.000000,309.000000
1832.000000,206.000000,2015.000000,206.000000,2015.000000,309.000000,1832.000000,309.000000
1835.000000,206.000000,2018.000000,206.000000,2018.000000,309.000000,1835.000000,309.000000
1838.000000,206.000000,2021.000000,206.000000,2021.000000,309.000000,1838.000000,309.000000
1841.000000,206.000000,2024.000000,206.000000,2024.000000,309.000000,1841.000000,309.000000
1844.000000,206.000000,2027.000000,206.000000,2027.000000,309.000000,1844.000000,309.000000
1847.000000,206.000000,2030.000000,206.000000,2030.000000,309.000000,1847.000000,309.000000
1850.000000,206.000000,2033.000000,206.000000,2033.000000,309.000000,1850.000000,309.000000
1853.000000,206.000000,2036.000000,206.000000,2036.000000,309.000000,1853.000000,309.000000
1856.000000,206.000000,2039.000000,206.000000,2039.000000,309.000000,1856.000000,309.000000
1859.000000,206.000000,2042.000000,206.000000,2042.000000,309.000000,1859.000000,309.000000
1862.000000,206.000000,2045.000000,206.000000,2045.000000,309.000000,1862.000000,309.000000
1865.000000,206.000000,2048.000000,206.000000,2048.000000,309.000000,1865.000000,309.000000
1868.000000,206.000000,2051.000000,206.000000,2051.000000,309.000000,1868.000000,309.000000
1871.000000,206.000000,2054.000000,206.000000,2054.000000,309.000000,1871.000000,309.000000
1874.000000,206.000000,2057.000000,206.000000,2057.000000,309.000000,1874.000000,309.000000
1877.000000,206.000000,2060.000000,206.000000,2060.000000,309.000000,1877.000000,309.000000
1880.000000,206.000000,2063.000000,206.000000,2063.000000,309.000000,1880.000000,309.000000
1883.000000,206.000000,2066.000000,206.000000,2066.000000,309.000000,1883.000000,309.000000
1886.000000,206.000000,2069.000000,206.000000,2069.000000,309.000000,1886.000000,309.000000
1889.000000,206.000000,2072.000000,206.000000,2072.000000,309.000000,1889.000000,309.000000
1892.000000,206.000000,2075.000000,206.000000,2075.000000,309.000000,1892.000000,309.000000
1895.000000,206.000000,2078.000000,206.000000,2078.000000,309.000000,1895.000000,309.000000
1898.000000,206.000000,2081.000000,206.000000,2081.000000,309.000000,1898.000000,309.000000
1901.000000,206.000000,2084.000000,206.000000,2084.000000,309.000000,1901.000000,309.000000
1904.000000,206.000000,2087.000000,206.000000,2087.000000,309.000000,1904.000000,309.000000
1907.000000,206.000000,2090.000000,206.000000,2090.000000,309.000000,1907.000000,309.000000
1910.000000,206.000000,2093.000000,206.000000,2093.000000,309.000000,1910.000000,309.000000
1913.000000,206.000000,2096.000000,206.000000,2096.000000,309.000000,1913.000000,309.000000
1916.000000,206.000000,2099.000000,206.000000,2099.000000,309.000000,1916.000000,309.000000
1919.000000,206.000000,2102.000000,206.000000,2102.000000,309.000000,1919.000000,309.000000
1922.000000,206.000000,2105.000000,206.000000,2105.000000,309.000000,1922.000000,309.000000
1925.000000,206.000000,2108.000000,206.000000,2108.000000,309.000000,1925.000000,309.000000
1928.000000,206.000000,2111.000000,206.000000,2111.000000,309.000000,1928.000000,309.000000
1931.000000,206.000000,2114.000000,206.000000,2114.000000,309.000000,1931.000000,309.000000
1934.000000,206.000000,2117.000000,206.000000,2117.000000,309.000000,1934.000000,309.000000
1937.000000,206.000000,2120.000000,206.000000,2120.000000,309.000000,1937.000000,309.000000
1940.000000,206.000000,2123.000000,206.000000,2123.000000,309.000000,1940.000000,309.000000
1943.000000,206.000000,2126.000000,206.000000,2126.000000,309.000000,1943.000000,309.000000
1946.000000,206.000000,2129.000000,206.000000,2129.000000,309.000000,1946.000000,309.000000
1949.000000,206.000000,2132.000000,206.000000,2132.000000,309.000000,1949.000000,309.000000
1952.000000,206.000000,2135.000000,206.000000,2135.000000,309.000000,1952.000000,309.000000
1955.000000,206.000000,2138.000000,206.000000,2138.000000,309.000000,1955.000000,309.000000
1958.000000,206.000000,2141.000000,206.000000,2141.000000,309.000000,1958.000000,309.000000
1961.000000,206.000000,2144.000000,206.000000,2144.000000,309.000000,1961.000000,309.000000
1964.000000,206.000000,2147.000000,206.000000,2147.000000,309.000000,1964.000000,309.000000
1967.000000,206.000000,2150.000000,206.000000,2150.000000,309.000000,1967.000000,309.000000
1970.000000,206.000000,2153.000000,206.000000,2153.000000,309.000000,1970.000000,309.000000
1973.000000,206.000000,2156.000000,206.000000,2156.000000,309.000000,1973.000000,309.000000
1976.000000,206.000000,2159.000000,206.000000,2159.000000,309.000000,1976.000000,309.000000
1979.000000,206.000000,2162.000000,206.000000,2162.000000,309.000000,1979.000000,309.000000
1982.000000,206.000000,2165.000000,206.000000,2165.000000,309.000000,1982.000000,309.000000
1985.000000,206.000000,2168.000000,206.000000,2168.000000,309.000000,1985.000000,309.000000
1988.000000,206.000000,2171.000000,206.000000,2171.000000,309.000000,1988.000000,309.000000
1991.000000,206.000000,2174.000000,206.000000,2174.000000,309.000000,1991.000000,309.000000
1994.000000,206.000000,2177.000000,206.000000,2177.000000,309.000000,1994.000000,309.000000
1997.000000,206.000000,2180.000000,206.000000,2180.000000,309.000000,1997.000000,309.000000
2000.000000,206.000000,2183.000000,206.000000,2183.000000,309.000000,2000.000000,309.000000
2003.000000,206.000000,2186.000000,206.000000,2186.000000,309.000000,2003.000000,309.000000
2006.000000,206.000000,2189.000000,206.000000,2189.000000,309.000000,2006.000000,309.000000
2009.000000,206.000000,2192.000000,206.000000,2192.000000,309.000000,2009.000000,309.000000
2012.000000,206.000000,2195.000000,206.000000,2195.000000,309.000000,2012.000000,309.000000
2015.000000,206.000000,2198.000000,206.000000,2198.000000,309.000000,2015.000000,309.000000
2018.000000,206.000000,2201.000000,206.000000,2201.000000,309.000000,2018.000000,309.000000
2021.000000,206.000000,2204.000000,206.000000,2204.000000,309.000000,2021.000000,309.000000
2024.000000,206.000000,2207.000000,206.000000,2207.000000,309.000000,2024.000000,309.000000
2027.000000,206.000000,2210.000000,206.000000,2210.000000,309.000000,2027.000000,309.000000
2030.000000,206.000000,2213.000000,206.000000,2213.000000,309.000000,2030.000000,309.000000
2033.000000,206.000000,2216.000000,206.000000,2216.000000,309.000000,2033.000000,309.000000
2036.000000,206.000000,2219.000000,206.000000,2219.000000,309.000000,2036.000000,309.000000
2039.000000,206.000000,2222.000000,206.000000,2222.000000,309.000000,2039.000000,309.000000
2042.000000,206.000000,2225.000000,206.000000,2225.000000,309.000000,2042.000000,309.000000
2045.000000,206.000000,2228.000000,206.000000,2228.000000,309.000000,2045.000000,309.000000
2048.000000,206.000000,2231.000000,206.000000,2231.000000,309.000000,2048.000000,309.000000
2051.000000,206.000000,2234.000000,206.000000,2234.000000,309.000000,2051.000000,309.000000
2054.000000,206.000000,2237.000000,206.000000,2237.000000,309.000000,2054.000000,309.000000
2057.000000,206.000000,2240.000000,206.000000,2240.000000,309.000000,2057.000000,309.000000
2060.000000,206.000000,2243.000000,206.000000,2243.000000,309.000000,2060.000000,309.000000
2063.000000,206.000000,2246.000000,206.000000,2246.000000,309.000000,2063.000000,309.000000
2066.000000,206.000000,2249.000000,206.000000,2249.000000,309.000000,2066.000000,309.000000
2069.000000,206.000000,2252.000000,206.000000,2252.000000,309.000000,2069.000000,309.000000
2072.000000,206.000000,2255.000000,206.000000,2255.000000,309.000000,2072.000000,309.000000
2075.000000,206.000000,2258.000000,206.000000,2258.000000,309.000000,2075.000000,309.000000
2078.000000,206.000000,2261.000000,206.000000,2261.000000,309.000000,2078.000000,309.000000
2081.000000,206.000000,2264.000000,206.000000,2264.000000,309.000000,2081.000000,309.000000
2084.000000,206.000000,2267.000000,206.000000,2267.000000,309.000000,2084.000000,309.000000
2087.000000,206.000000,2270.000000,206.000000,2270.000000,309.000000,2087.000000,309.000000
2090.000000,206.000000,2273.000000,206.000000,2273.000000,309.000000,2090.000000,309.000000
2093.000000,206.000000,2276.000000,206.000000,2276.000000,309.000000,2093.000000,309.000000
2096.000000,206.000000,2279.000000,206.000000,2279.000000,309.000000,2096.000000,309.000000
2099.000000,206.000000,2282.000000,206.000000,2282.000000,309.000000,2099.000000,309.000000
2102.000000,206.000000,2285.000000,206.000000,2285.000000,309.000000,2102.000000,309.000000
2105.000000,206.000000,2288.000000,206.000000,2288.000000,309.000000,2105.000000,309.000000
2108.000000,206.000000,2291.000000,206.000000,2291.000000,309.000000,2108.000000,309.000000
2111.000000,206.000000,2294.000000,206.000000,2294.000000,309.000000,2111.000000,309.000000
2114.000000,206.000000,2297.000000,206.000000,2297.000000,309.000000,2114.000000,309.000000
2117.000000,206.000000,2300.000000,206.000000,2300.000000,309.000000,2117.000000,309.000000
2120.000000,206.000000,2303.000000,206.000000,2303.000000,309.000000,2120.000000,309.000000
2123.000000,206.000000,2306.000000,206.000000,2306.000000,309.000000,2123.000000,309.000000
2126.000000,206.000000,2309.000000,206.000000,2309.000000,309.000000,2126.000000,309.000000
2129.000000,206.000000,2312.000000,206.000000,2312.000000,309.000000,2129.000000,309.000000
2132.000000,206.000000,2315.000000,206.000000,2315.000000,309.000000,2132.000000,309.000000
2135.000000,206.000000,2318.000000,206.000000,2318.000000,309.000000,2135.000000,309.000000
2138.000000,206.000000,2321.000000,206.000000,2321.000000,309.000000,2138.000000,309.000000
2141.000000,206.000000,2324.000000,206.000000,2324.000000,309.000000,2141.000000,309.000000
2144.000000,206.000000,2327.000000,206.000000,2327.000000,309.000000,2144.000000,309.000000
2147.000000,206.000000,2330.000000,206.000000,2330.000000,309.000000,2147.000000,309.000000
2150.000000,206.000000,2333.000000,206.000000,2333.000000,309.000000,2150.000000,309.000000
2153.000000,206.000000,2336.000000,206.000000,2336.000000,309.000000,2153.000000,309.000000
2156.000000,206.000000,2339.000000,206.000000,2339.000000,309.000000,2156.000000,309.000000
2159.000000,206.000000,2342.000000,206.000000,2342.000000,309.000000,2159.000000,309.000000
2162.000000,206.000000,2345.000000,206.000000,2345.000000,309.000000,2162.000000,309.000000
2165.000000,206.000000,2348.000000,206.000000,2348.000000,309.000000,2165.000000,309.000000
2168.000000,206.000000,2351.000000,206.000000,2351.000000,309.000000,2168.000000,309.000000
2171.000000,206.000000,2354.000000,206.000000,2354.000000,309.000000,2171.000000,309.000000
2174.000000,206.000000,2357.000000,206.000000,2357.000000,309.000000,2174.000000,309.000000
2177.000000,206.000000,2360.000000,206.000000,2360.000000,309.000000,2177.000000,309.000000
2180.000000,206.000000,2363.000000,206.000000,2363.000000,309.000000,2180.000000,309.000000
2183.000000,206.000000,2366.000000,206.000000,2366.000000,309.000000,2183.000000,309.000000
2186.000000,206.000000,2369.000000,206.000000,2369.000000,309.000000,2186.000000,309.000000
2189.000000,206.000000,2372.000000,206.000000,2372.000000,309.000000,2189.000000,309.000000
2192.000000,206.000000,2375.000000,206.000000,2375.000000,309.000000,2192.000000,309.000000
2195.000000,206.000000,2378.000000,206.000000,2378.000000,309.000000,2195.000000,309.000000
2198.000000,206.000000,2381.000000,206.000000,2381.000000,309.000000,2198.000000,309.000000
2201.000000,206.000000,2384.000000,206.000000,2384.000000,309.000000,2201.000000,309.000000
2204.000000,206.000000,2387.000000,206.000000,2387.000000,309.000000,2204.000000,309.000000
2207.000000,206.000000,2390.000000,206.000000,2390.000000,309.000000,2207.000000,309.000000
2210.000000,206.000000,2393.000000,206.000000,2393.000000,309.000000,2210.000000,309.000000
2213.000000,206.000000,2396.000000,206.000000,2396.000000,309.000000,2213.000000,309.000000
2216.000000,206.000000,2399.000000,206.000000,2399.000000,309.000000,2216.000000,309.000000
2219.000000,206.000000,2402.000000,206.000000,2402.000000,309.000000,2219.000000,309.000000
2222.000000,206.000000,2405.000000,206.000000,2405.000000,309.000000,2222.000000,309.000000
2225.000000,206.000000,2408.000000,206.000000,2408.000000,309.000000,2225.000000,309.000000
2228.000000,206.000000,2411.000000,206.000000,2411.000000,309.000000,2228.000000,309.000000
2231.000000,206.000000,2414.000000,206.000000,2414.000000,309.000000,2231.000000,309.000000
2234.000000,206.000000,2417.000000,206.000000,2417.000000,309.000000,2234.000000,309.000000
2237.000000,206.000000,2420.000000,206.000000,2420.000000,309.000000,2237.000000,309.000000
2240.000000,206.000000,2423.000000,206.000000,2423.000000,309.000000,2240.000000,309.000000
2243.000000,206.000000,2426.000000,206.000000,2426.000000,309.000000,2243.000000,309.000000
2246.000000,206.000000,2429.000000,206.000000,2429.000000,309.000000,2246.000000,309.000000
2249.000000,206.000000,2432.000000,206.000000,2432.000000,309.000000,2249.000000,309.000000
2252.000000,206.000000,2435.000000,206.000000,2435.000000,309.000000,2252.000000,309.000000
2255.000000,206.000000,2438.000000,206.000000,2438.000000,309.000000,2255.000000,309.000000
2258.000000,206.000000,2441.000000,206.000000,2441.000000,309.000000,2258.000000,309.000000
2261.000000,206.000000,2444.000000,206.000000,2444.000000,309.000000,2261.000000,309.000000
2264.000000,206.000000,2447.000000,206.000000,2447.000000,309.000000,2264.000000,309.000000
2267.000000,206.000000,2450.000000,206.000000,2450.000000,309.000000,2267.000000,309.000000
2270.000000,206.000000,2453.000000,206.000000,2453.000000,309.000000,2270.000000,309.000000
2273.000000,206.000000,2456.000000,206.000000,2456.000000,309.000000,2273.000000,309.000000
2276.000000,206.000000,2459.000000,206.000000,2459.000000,309.000000,2276.000000,309.000000
2279.000000,206.000000,2462.000000,206.000000,2462.000000,309.000000,2279.000000,309.000000
2282.000000,206.000000,2465.000000,206.000000,2465.000000,309.000000,2282.000000,309.000000
2285.000000,206.000000,2468.000000,206.000000,2468.000000,309.000000,2285.000000,309.000000
2288.000000,206.000000,2471.000000,206.000000,2471.000000,309.000000,2288.000000,309.000000
2291.000000,206.000000,2474.000000,206.000000,2474.000000,309.000000,2291.000000,309.000000
2294.000000,206.000000,2477.000000,206.000000,2477.000000,309.000000,2294.000000,309.000000
2297.000000,206.000000,2480.000000,206.000000,2480.000000,309.000000,2297.000000,309.000000
2300.000000,206.000000,2483.000000,206.000000,2483.000000,309.000000,2300.000000,309.000000
2303.000000,206.000000,2486.000000,206.000000,2486.000000,309.000000,2303.000000,309.000000
2306.000000,206.000000,2489.000000,206.000000,2489.000000,309.000000,2306.000000,309.000000
2309.000000,206.000000,2492.000000,206.000000,2492.000000,309.000000,2309.000000,309.000000
2312.000000,206.000000,2495.000000,206.000000,2495.000000,309.000000,2312.000000,309.000000
2315.000000,206.000000,2498.000000,206.000000,2498.000000,309.000000,2315.000000,309.000000
2318.000000,206.000000,2501.000000,206.000000,2501.000000,309.000000,2318.000000,309.000000
2321.000000,206.000000,2504.000000,206.000000,2504.000000,309.000000,2321.000000,309.000000
2324.000000,206.000000,2507.000000,206.000000,2507.000000,309.000000,2324.000000,309.000000
2327.000000,206.000000,2510.000000,206.000000,2510.000000,309.000000,2327.000000,309.000000
2330.000000,206.000000,2513.000000,206.000000,2513.000000,309.000000,2330.000000,309.000000
2333.000000,206.000000,2516.000000,206.000000,2516.000000,309.000000,2333.000000,309.000000
2336.000000,206.000000,2519.000000,206.000000,2519.000000,309.000000,2336.000000,309.000000
2339.000000,206.000000,2522.000000,206.000000,2522.000000,309.000000,2339.000000,309.000000
2342.000000,206.000000,2525.000000,206.000000,2525.000000,309.000000,2342.000000,309.000000
2345.000000,206.000000,2528.000000,206.000000,2528.000000,309.000000,2345.000000,309.000000
2348.000000,206.000000,2531.000000,206.000000,2531.000000,309.000000,2348.000000,309.000000
2351.000000,206.000000,2534.000000,206.000000,2534.000000,309.000000,2351.000000,309.000000
2354.000000,206.000000,2537.000000,206.000000,2537.000000,309.000000,2354.000000,309.000000
2357.000000,206.000000,2540.000000,206.000000,2540.000000,309.000000,2357.000000,309.000000
2360.000000,206.000000,2543.000000,206.000000,2543.000000,309.000000,2360.000000,309.000000
2363.000000,206.000000,2546.000000,206.000000,2546.000000,309.000000,2363.000000,309.000000
2366.000000,206.000000,2549.000000,206.000000,2549.000000,309.000000,2366.000000,309.000000
2369.000000,206.000000,2552.000000,206.000000,2552.000000,309.000000,2369.000000,309.000000
2372.000000,206.000000,2555.000000,206.000000,2555.000000,309.000000,2372.000000,309.000000
2375.000000,206.000000,2558.000000,206.000000,2558.000000,309.000000,2375.000000,309.000000
2378.000000,206.000000,2561.000000,206.000000,2561.000000,309.000000,2378.000000,309.000000
2381.000000,206.000000,2564.000000,206.000000,2564.000000,309.000000,2381.000000,309.000000
2384.000000,206.000000,2567.000000,206.000000,2567.000000,309.000000,2384.000000,309.000000
2387.000000,206.000000,2570.000000,206.000000,2570.000000,309.000000,2387.000000,309.000000
2390.000000,206.000000,2573.000000,206.000000,2573.000000,309.000000,2390.000000,309.000000
2393.000000,206.000000,2576.000000,206.000000,2576.000000,309.000000,2393.000000,309.000000
2396.000000,206.000000,2579.000000,206.000000,2579.000000,309.000000,2396.000000,309.000000
2399.000000,206.000000,2582.000000,206.000000,2582.000000,309.000000,2399.000000,309.000000
2402.000000,206.000000,2585.000000,206.000000,2585.000000,309.000000,2402.000000,309.000000
2405.000000,206.000000,2588.000000,206.000000,2588.000000,309.000000,2405.000000,309.000000
2408.000000,206.000000,2591.000000,206.000000,2591.000000,309.000000,2408.000000,309.000000
2411.000000,206.000000,2594.000000,206.000000,2594.000000,309.000000,2411.000000,309.000000
2414.000000,206.000000,2597.000000,206.000000,2597.000000,309.000000,2414.000000,309.000000
2417.000000,206.000000,2600.000000,206.000000,2600.000000,309.000000,2417.000000,309.000000
2420.000000,206.000000,2603.000000,206.000000,2603.000000,309.000000,2420.000000,309.000000
2423.000000,206.000000,2606.000000,206.000000,2606.000000,309.000000,2423.000000,309.000000
2426.000000,206.000000,2609.000000,206.000000,2609.000000,309.000000,2426.000000,309.000000
2429.000000,206.000000,2612.000000,206.000000,2612.000000,309.000000,2429.000000,309.000000
2432.000000,206.000000,2615.000000,206.000000,2615.000000,309.000000,2432.000000,309.000000
2435.000000,206.000000,2618.000000,206.000000,2618.000000,309.000000,2435.000000,309.000000
2438.000000,206.000000,2621.000000,206.000000,2621.000000,309.000000,2438.000000,309.000000
2441.000000,206.000000,2624.000000,206.000000,2624.000000,309.000000,2441.000000,309.000000
2444.000000,206.000000,2627.000000,206.000000,2627.000000,309.000000,2444.000000,309.000000
2447.000000,206.000000,2630.000000,206.000000,2630.000000,309.000000,2447.000000,309.000000
2450.000000,206.000000,2633.000000,206.000000,2633.000000,309.000000,2450.000000,309.000000
2453.000000,206.000000,2636.000000,206.000000,2636.000000,309.000000,2453.000000,309.000000
2456.000000,206.000000,2639.000000,206.000000,2639.000000,309.000000,2456.000000,309.000000
2459.000000,206.000000,2642.000000,206.000000,2642.000000,309.000000,2459.000000,309.000000
2462.000000,206.000000,2645.000000,206.000000,2645.000000,309.000000,2462.000000,309.000000
2465.000000,206.000000,2648.000000,206.000000,2648.000000,309.000000,2465.000000,309.000000
2468.000000,206.000000,2651.000000,206.000000,2651.000000,309.000000,2468.000000,309.000000
2471.000000,206.000000,2654.000000,206.000000,2654.000000,309.000000,2471.000000,309.000000
2474.000000,206.000000,2657.000000,206.000000,2657.000000,309.000000,2474.000000,309.000000
2477.000000,206.000000,2660.000000,206.000000,2660.000000,309.000000,2477.000000,309.000000
2480.000000,206.000000,2663.000000,206.000000,2663.000000,309.000000,2480.000000,309.000000
2483.000000,206.000000,2666.000000,206.000000,2666.000000,309.000000,2483.000000,309.000000
2486.000000,206.000000,2669.000000,206.000000,2669.000000,309.000000,2486.000000,309.000000
2489.000000,206.000000,2672.000000,206.000000,2672.000000,309.000000,2489.000000,309.000000
2492.000000,206.000000,2675.000000,206.000000,2675.000000,309.000000,2492.000000,309.000000
2495.000000,206.000000,2678.000000,206.000000,2678.000000,309.000000,2495.000000,309.000000
2498.000000,206.000000,2681.000000,206.000000,2681.000000,309.000000,2498.000000,309.000000
2501.000000,206.000000,2684.000000,206.000000,2684.000000,309.000000,2501.000000,309.000000
2504.000000,206.000000,2687.000000,206.000000,2687.000000,309.000000,2504.000000,309.000000
2507.000000,206.000000,2690.000000,206.000000,2690.000000,309.000000,2507.000000,309.000000
2510.000000,206.000000,2693.000000,206.000000,2693.000000,309.000000,2510.000000,309.000000
2513.000000,206.000000,2696.000000,206.000000,2696.000000,309.000000,2513.000000,309.000000
2516.000000,206.000000,2699.000000,206.000000,2699.000000,309.000000,2516.000000,309.000000
2519.000000,206.000000,2702.000000,206.000000,2702.000000,309.000000,2519.000000,309.000000
2522.000000,206.000000,2705.000000,206.000000,2705.000000,309.000000,2522.000000,309.000000
2525.000000,206.000000,2708.000000,206.000000,2708.000000,309.000000,2525.000000,309.000000
2528.000000,206.000000,2711.000000,206.000000,2711.000000,309.000000,2528.000000,309.000000
2531.000000,206.000000,2714.000000,206.000000,2714.000000,309.000000,2531.000000,309.000000
2534.000000,206.000000,2717.000000,206.000000,2717.000000,309.000000,2534.000000,309.000000
2537.000000,206.000000,2720.000000,206.000000,2720.000000,309.000000,2537.000000,309.000000
2540.000000,206.000000,2723.000000,206.000000,2723.000000,309.000000,2540.000000,309.000000
2543.000000,206.000000,2726.000000,206.000000,2726.000000,309.000000,2543.000000,309.000000
2546.000000,206.000000,2729.000000,206.000000,2729.000000,309.000000,2546.000000,309.000000
2549.000000,206.000000,2732.000000,206.000000,2732.000000,309.000000,2549.000000,309.000000
2552.000000,206.000000,2735.000000,206.000000,2735.000000,309.000000,2552.000000,309.000000
2555.000000,206.000000,2738.000000,206.000000,2738.000000,309.000000,2555.000000,309.000000
2558.000000,206.000000,2741.000000,206.000000,2741.000000,309.000000,2558.000000,309.000000
2561.000000,206.000000,2744.000000,206.000000,2744.000000,309.000000,2561.000000,309.000000
2564.000000,206.000000,2747.000000,206.000000,2747.000000,309.000000,2564.000000,309.000000
2567.000000,206.000000,2750.000000,206.000000,2750.000000,309.000000,2567.000000,309.000000
2570.000000,206.000000,2753.000000,206.000000,2753.000000,309.000000,2570.000000,309.000000
2573.000000,206.000000,2756.000000,206.000000,2756.000000,309.000000,2573.000000,309.000000
2576.000000,206.000000,2759.000000,206.000000,2759.000000,309.000000,2576.000000,309.000000
2579.000000,206.000000,2762.000000,206.000000,2762.000000,309.000000,2579.000000,309.000000
2582.000000,206.000000,2765.000000,206.000000,2765.000000,309.000000,2582.000000,309.000000
2585.000000,206.000000,2768.000000,206.000000,2768.000000,309.000000,2585.000000,309.000000
2588.000000,206.000000,2771.000000,206.000000,2771.000000,309.000000,2588.000000,309.000000
2591.000000,206.000000,2774.000000,206.000000,2774.000000,309.000000,2591.000000,309.000000
2594.000000,206.000000,2777.000000,206.000000,2777.000000,309.000000,2594.000000,309.000000
2597.000000,206.000000,2780.000000,206.000000,2780.000000,309.000000,2597.000000,309.000000
2600.000000,206.000000,2783.000000,206.000000,2783.000000,309.000000,2600.000000,309.000000
2603.000000,206.000000,2786.000000,206.000000,2786.000000,309.000000,2603.000000,309.000000
2606.000000,206.000000,2789.000000,206.000000,2789.000000,309.000000,2606.000000,309.000000
2609.000000,206.000000,2792.000000,206.000000,2792.000000,309.000000,2609.000000,309.000000
2612.000000,206.000000,2795.000000,206.000000,2795.000000,309.000000,2612.000000,309.000000
2615.000000,206.000000,2798.000000,206.000000,2798.000000,309.000000,2615.000000,309.000000
2618.000000,206.000000,2801.000000,206.000000,2801.000000,309.000000,2618.000000,309.000000
2621.000000,206.000000,2804.000000,206.000000,2804.000000,309.000000,2621.000000,309.000000
2624.000000,206.000000,2807.000000,206.000000,2807.000000,309.000000,2624.000000,309.000000
2627.000000,206.000000,2810.000000,206.000000,2810.000000,309.000000,2627.000000,309.000000
2630.000000,206.000000,2813.000000,206.000000,2813.000000,309.000000,2630.000000,309.000000
2633.000000,206.000000,2816.000000,206.000000,2816.000000,309.000000,2633.000000,309.000000
2636.000000,206.000000,2819.000000,206.000000,2819.000000,309.000000,2636.000000,309.000000
2639.000000,206.000000,2822.000000,206.000000,2822.000000,309.000000,2639.000000,309.000000
2642.000000,206.000000,2825.000000,206.000000,2825.000000,309.000000,2642.000000,309.000000
2645.000000,206.000000,2828.000000,206.000000,2828.000000,309.000000,2645.000000,309.000000
2648.000000,206.000000,2831.000000,206.000000,2831.000000,309.000000,2648.000000,309.000000
2651.000000,206.000000,2834.000000,206.000000,2834.000000,309.000000,2651.000000,309.000000
2654.000000,206.000000,2837.000000,206.000000,2837.000000,309.000000,2654.000000,309.000000
2657.000000,206.000000,2840.000000,206.000000,2840.000000,309.000000,2657.000000,309.000000
2660.000000,206.000000,2843.000000,206.000000,2843.000000,309.000000,2660.000000,309.000000
2663.000000,206.000000,2846.000000,206.000000,2846.000000,309.000000,2663.000000,309.000000
2666.000000,206.000000,2849.000000,206.000000,2849.000000,309.000000,2666.000000,309.000000
2669.000000,206.000000,2852.000000,206.000000,2852.000000,309.000000,2669.000000,309.000000
2672.000000,206.000000,2855.000000,206.000000,2855.000000,309.000000,2672.000000,309.000000
2675.000000,206.000000,2858.000000,206.000000,2858.000000,309.000000,2675.000000,309.000000
2678.000000,206.000000,2861.000000,206.000000,2861.000000,309.000000,2678.000000,309.000000
2681.000000,206.000000,2864.000000,206.000000,2864.000000,309.000000,2681.000000,309.000000
2684.000000,206.000000,2867.000000,206.000000,2867.000000,309.000000,2684.000000,309.000000
2687.000000,206.000000,2870.000000,206.000000,2870.000000,309.000000,2687.000000,309.000000
2690.000000,206.000000,2873.000000,206.000000,2873.000000,309.000000,2690.000000,309.000000
2693.000000,206.000000,2876.000000,206.000000,2876.000000,309.000000,2693.000000,309.000000
2696.000000,206.000000,2879.000000,206.000000,2879.000000,309.000000,2696.000000,309.000000
2699.000000,206.000000,2882.000000,206.000000,2882.000000,309.000000,2699.000000,309.000000
2702.000000,206.000000,2885.000000,206.000000,2885.000000,309.000000,2702.000000,309.000000
2705.000000,206.000000,2888.000000,206.000000,2888.000000,309.000000,2705.000000,309.000000
2708.000000,206.000000,2891.000000,206.000000,2891.000000,309.000000,2708.000000,309.000000
2711.000000,206.000000,2894.000000,206.000000,2894.000000,309.000000,2711.000000,309.000000
2714.000000,206.000000,2897.000000,206.000000,2897.000000,309.000000,2714.000000,309.000000
2717.000000,206.000000,2900.000000,206.000000,2900.000000,309.000000,2717.000000,309.000000
2720.000000,206.000000,2903.000000,206.000000,2903.000000,309.000000,2720.000000,309.000000
2723.000000,206.000000,2906.000000,206.000000,2906.000000,309.000000,2723.000000,309.000000
2726.000000,206.000000,2909.000000,206.000000,2909.000000,309.000000,2726.000000,309.000000
2729.000000,206.000000,2912.000000,206.000000,2912.000000,309.000000,2729.000000,309.000000
2732.000000,206.000000,2915.000000,206.000000,2915.000000,309.000000,2732.000000,309.000000
2735.000000,206.000000,2918.000000,206.000000,2918.000000,309.000000,2735.000000,309.000000
2738.000000,206.000000,2921.000000,206.000000,2921.000000,309.000000,2738.000000,309.000000
2741.000000,206.000000,2924.000000,206.000000,2924.000000,309.000000,2741.000000,309.000000
2744.000000,206.000000,2927.000000,206.000000,2927.000000,309.000000,2744.000000,309.000000
2747.000000,206.000000,2930.000000,206.000000,2930.000000,309.000000,2747.000000,309.000000
2750.000000,206.000000,2933.000000,206.000000,2933.000000,309.000000,2750.000000,309.000000
2753.000000,206.000000,2936.000000,206.000000,2936.000000,309.000000,2753.000000,309.000000
2756.000000,206.000000,2939.000000,206.000000,2939.000000,309.000000,2756.000000,309.000000
2759.000000,206.000000,2942.000000,206.000000,2942.000000,309.000000,2759.000000,309.000000
2762.000000,206.000000,2945.000000,206.000000,2945.000000,309.000000,2762.000000,309.000000
2765.000000,206.000000,2948.000000,206.000000,2948.000000,309.000000,2765.000000,309.000000
2768.000000,206.000000,2951.000000,206.000000,2951.000000,309.000000,2768.000000,309.000000
2771.000000,206.000000,2954.000000,206.000000,2954.000000,309.000000,2771.000000,309.000000
2774.000000,206.000000,2957.000000,206.000000,2957.000000,309.000000,2774.000000,309.000000
2777.000000,206.000000,2960.000000,206.000000,2960.000000,309.000000,2777.000000,309.000000
2780.000000,206.000000,2963.000000,206.000000,2963.000000,309.000000,2780.000000,309.000000
2783.000000,206.000000,2966.000000,206.000000,2966.000000,309.000000,2783.000000,309.000000
2786.000000,206.000000,2969.000000,206.000000,2969.000000,309.000000,2786.000000,309.000000
2789.000000,206.000000,2972.000000,206.000000,2972.000000,309.000000,2789.000000,309.000000
2792.000000,206.000000,2975.000000,206.000000,2975.000000,309.000000,2792.000000,309.000000
2795.000000,206.000000,2978.000000,206.000000,2978.000000,309.000000,2795.000000,309.000000
2798.000000,206.000000,2981.000000,206.000000,2981.000000,309.000000,2798.000000,309.000000
2801.000000,206.000000,2984.000000,206.000000,2984.000000,309.000000,2801.000000,309.000000
2804.000000,206.000000,2987.000000,206.000000,2987.000000,309.000000,2804.000000,309.000000
2807.000000,206.000000,2990.000000,206.000000,2990.000000,309.000000,2807.000000,309.000000
2810.000000,206.000000,2993.000000,206.000000,2993.000000,309.000000,2810.000000,309.000000
2813.000000,206.000000,2996.000000,206.000000,2996.000000,309.000000,2813.000000,309.000000
2816.000000,206.000000,2999.000000,206.000000,2999.000000,309.000000,2816.000000,309.000000
2819.000000,206.000000,3002.000000,206.000000,3002.000000,309.000000,2819.000000,309.000000
2822.000000,206.000000,3005.000000,206.000000,3005.000000,309.000000,2822.000000,309.000000
2825.000000,206.000000,3008.000000,206.000000,3008.000000,309.000000,2825.000000,309.000000
2828.000000,206.000000,3011.000000,206.000000,3011.000000,309.000000,2828.000000,309.000000
2831.000000,206.000000,3014.000000,206.000000,3014.000000,309.000000,2831.000000,309.000000
2834.000000,206.000000,3017.000000,206.000000,3017.000000,309.000000,2834.000000,309.000000
2837.000000,206.000000,3020.000000,206.000000,3020.000000,309.000000,2837.000000,309.000000
2840.000000,206.000000,3023.000000,206.000000,3023.000000,309.000000,2840.000000,309.000000
2843.000000,206.000000,3026.000000,206.000000,3026.000000,309.000000,2843.000000,309.000000
2846.000000,206.000000,3029.000000,206.000000,3029.000000,309.000000,2846.000000,309.000000
2849.000000,206.000000,3032.000000,206.000000,3032.000000,309.000000,2849.000000,309.000000
2852.000000,206.000000,3035.000000,206.000000,3035.000000,309.000000,2852.000000,309.000000
2855.000000,206.000000,3038.000000,206.000000,3038.000000,309.000000,2855.000000,309.000000
2858.000000,206.000000,3041.000000,206.000000,3041.000000,309.000000,2858.000000,309.000000
2861.000000,206.000000,3044.000000,206.000000,3044.000000,309.000000,2861.000000,309.000000
2864.000000,206.000000,3047.000000,206.000000,3047.000000,309.000000,2864.000000,309.000000
2867.000000,206.000000,3050.000000,206.000000,3050.000000,309.000000,2867.000000,309.000000
2870.000000,206.000000,3053.000000,206.000000,3053.000000,309.000000,2870.000000,309.000000
2873.000000,206.000000,3056.000000,206.000000,3056.000000,309.000000,2873.000000,309.000000
2876.000000,206.000000,3059.000000,206.000000,3059.000000,309.000000,2876.000000,309.000000
2879.000000,206.000000,3062.000000,206.000000,3062.000000,309.000000,2879.000000,309.000000
2882.000000,206.000000,3065.000000,206.000000,3065.000000,309.000000,2882.000000,309.000000
2885.000000,206.000000,3068.000000,206.000000,3068.000000,309.000000,2885.000000,309.000000
2888.000000,206.000000,3071.000000,206.000000,3071.000000,309.000000,2888.000000,309.000000
2891.000000,206.000000,3074.000000,206.000000,3074.000000,309.000000,2891.000000,309.000000
2894.000000,206.000000,3077.000000,206.000000,3077.000000,309.000000,2894.000000,309.000000
2897.000000,206.000000,3080.000000,206.000000,3080.000000,309.000000,2897.000000,309.000000
2900.000000,206.000000,3083.000000,206.000000,3083.000000,309.000000,2900.000000,309.000000
2903.000000,206.000000,3086.000000,206.000000,3086.000000,309.000000,2903.000000,309.000000
2906.000000,206.000000,3089.000000,206.000000,3089.000000,309.000000,2906.000000,309.000000
2909.000000,206.000000,3092.000000,206.000000,3092.000000,309.000000,2909.000000,309.000000
2912.000000,206.000000,3095.000000,206.000000,3095.000000,309.000000,2912.000000,309.000000
2915.000000,206.000000,3098.000000,206.000000,3098.000000,309.000000,2915.000000,309.000000
2918.000000,206.000000,3101.000000,206.000000,3101.000000,309.000000,2918.000000,309.000000
2921.000000,206.000000,3104.000000,206.000000,3104.000000,309.000000,2921.000000,309.000000
2924.000000,206.000000,3107.000000,206.000000,3107.000000,309.000000,2924.000000,309.000000
2927.000000,206.000000,3110.000000,206.000000,3110.000000,309.000000,2927.000000,309.000000
2930.000000,206.000000,3113.000000,206.000000,3113.000000,309.000000,2930.000000,309.000000
2933.000000,206.000000,3116.000000,206.000000,3116.000000,309.000000,2933.000000,309.000000
2936.000000,206.000000,3119.000000,206.000000,3119.000000,309.000000,2936.000000,309.000000
2939.000000,206.000000,3122.000000,206.000000,3122.000000,309.000000,2939.000000,309.000000
2942.000000,206.000000,3125.000000,206.000000,3125.000000,309.000000,2942.000000,309.000000
2945.000000,206.000000,3128.000000,206.000000,3128.000000,309.000000,2945.000000,309.000000
2948.000000,206.000000,3131.000000,206.000000,3131.000000,309.000000,2948.000000,309.000000
2951.000000,206.000000,3134.000000,206.000000,3134.000000,309.000000,2951.000000,309.000000
2954.000000,206.000000,3137.000000,206.000000,3137.000000,309.000000,2954.000000,309.000000
2957.000000,206.000000,3140.000000,206.000000,3140.000000,309.000000,2957.000000,309.000000
2960.000000,206.000000,3143.000000,206.000000,3143.000000,309.000000,2960.000000,309.000000
2963.000000,206.000000,3146.000000,206.000000,3146.000000,309.000000,2963.000000,309.000000
2966.000000,206.000000,3149.000000,206.000000,3149.000000,309.000000,2966.000000,309.000000
2969.000000,206.000000,3152.000000,206.000000,3152.000000,309.000000,2969.000000,309.000000
2972.000000,206.000000,3155.000000,206.000000,3155.000000,309.000000,2972.000000,309.000000
2975.000000,206.000000,3158.000000,206.000000,3158.000000,309.000000,2975.000000,309.000000
2978.000000,206.000000,3161.000000,206.000000,3161.000000,309.000000,2978.000000,309.000000
2981.000000,206.000000,3164.000000,206.000000,3164.000000,309.000000,2981.000000,309.000000
2984.000000,206.000000,3167.000000,206.000000,3167.000000,309.000000,2984.000000,309.000000
2987.000000,206.000000,3170.000000,206.000000,3170.000000,309.000000,2987.000000,309.000000
2990.000000,206.000000,3173.000000,206.000000,3173.000000,309.000000,2990.000000,309.000000
2993.000000,206.000000,3176.000000,206.000000,3176.000000,309.000000,2993.000000,309.000000
2996.000000,206.000000,3179.000000,206.000000,3179.000000,309.000000,2996.000000,309.000000
2999.000000,206.000000,3182.000000,206.000000,3182.000000,309.000000,2999.000000,309.000000
3002.000000,206.000000,3185.000000,206.000000,3185.000000,309.000000,3002.000000,309.000000
3005.000000,206.000000,3188.000000,206.000000,3188.000000,309.000000,3005.000000,309.000000
3008.000000,206.000000,3191.000000,206.000000,3191.000000,309.000000,3008.000000,309.000000
3011.000000,206.000000,3194.000000,206.000000,3194.000000,309.000000,3011.000000,309.000000
3014.000000,206.000000,3197.000000,206.000000,3197.000000,309.000000,3014.000000,309.000000
3017.000000,206.000000,3200.000000,206.000000,3200.000000,309.000000,3017.000000,309.000000
3020.000000,206.000000,3203.000000,206.000000,3203.000000,309.000000,3020.000000,309.000000
3023.000000,206.000000,3206.000000,206.000000,3206.000000,309.000000,3023.000000,309.000000
3026.000000,206.000000,3209.000000,206.000000,3209.000000,309.000000,3026.000000,309.000000
3029.000000,206.000000,3212.000000,206.000000,3212.000000,309.000000,3029.000000,309.000000
3032.000000,206.000000,3215.000000,206.000000,3215.000000,309.000000,3032.000000,309.000000
3035.000000,206.000000,3218.000000,206.000000,3218.000000,309.000000,3035.000000,309.000000
3038.000000,206.000000,3221.000000,206.000000,3221.000000,309.000000,3038.000000,309.000000
3041.000000,206.000000,3224.000000,206.000000,3224.000000,309.000000,3041.000000,309.000000
3044.000000,206.000000,3227.000000,206.000000,3227.000000,309.000000,3044.000000,309.000000
3047.000000,206.000000,3230.000000,206.000000,3230.000000,309.000000,3047.000000,309.000000
3050.000000,206.000000,3233.000000,206.000000,3233.000000,309.000000,3050.000000,309.000000
3053.000000,206.000000,3236.000000,206.000000,3236.000000,309.000000,3053.000000,309.000000
3056.000000,206.000000,3239.000000,206.000000,3239.000000,309.000000,3056.000000,309.000000
3059.000000,206.000000,3242.000000,206.000000,3242.000000,309.000000,3059.000000,309.000000
3062.000000,206.000000,3245.000000,206.000000,3245.000000,309.000000,3062.000000,309.000000
3065.000000,206.000000,3248.000000,206.000000,3248.000000,309.000000,3065.000000,309.000000
3068.000000,206.000000,3251.000000,206.000000,3251.000000,309.000000,3068.000000,309.000000
3071.000000,206.000000,3254.000000,206.000000,3254.000000,309.000000,3071.000000,309.000000
3074.000000,206.000000,3257.000000,206.000000,3257.000000,309.000000,3074.000000,309.000000
3077.000000,206.000000,3260.000000,206.000000,3260.000000,309.000000,3077.000000,309.000000
3080.000000,206.000000,3263.000000,206.000000,3263.000000,309.000000,3080.000000,309.000000
3083.000000,206.000000,3266.000000,206.000000,3266.000000,309.000000,3083.000000,309.000000
3086.000000,206.000000,3269.000000,206.000000,3269.000000,309.000000,3086.000000,309.000000
3089.000000,206.000000,3272.000000,206.000000,3272.000000,309.000000,3089.000000,309.000000
3092.000000,206.000000,3275.000000,206.000000,3275.000000,309.000000,3092.000000,309.000000
3095.000000,206.000000,3278.000000,206.000000,3278.000000,309.000000,3095.000000,309.000000
3098.000000,206.000000,3281.000000,206.000000,3281.000000,309.000000,3098.000000,309.000000
3101.000000,206.000000,3284.000000,206.000000,3284.000000,309.000000,3101.000000,309.000000
3104.000000,206.000000,3287.000000,206.000000,3287.000000,309.000000,3104.000000,309.000000
3107.000000,206.000000,3290.000000,206.000000,3290.000000,309.000000,3107.000000,309.000000
3110.000000,206.000000,3293.000000,206.000000,3293.000000,309.000000,3110.000000,309.000000
3113.000000,206.000000,3296.000000,206.000000,3296.000000,309.000000,3113.000000,309.000000
3116.000000,206.000000,3299.000000,206.000000,3299.000000,309.000000,3116.000000,309.000000
3119.000000,206.000000,3302.000000,206.000000,3302.000000,309.000000,3119.000000,309.000000
3122.000000,206.000000,3305.000000,206.000000,3305.000000,309.000000,3122.000000,309.000000
3125.000000,206.000000,3308.000000,206.000000,3308.000000,309.000000,3125.000000,309.000000
3128.000000,206.000000,3311.000000,206.000000,3311.000000,309.000000,3128.000000,309.000000
3131.000000,206.000000,3314.000000,206.000000,3314.000000,309.000000,3131.000000,309.000000
3134.000000,206.000000,3317.000000,206.000000,3317.000000,309.000000,3134.000000,309.000000
3137.000000,206.000000,3320.000000,206.000000,3320.000000,309.000000,3137.000000,309.000000
3140.000000,206.000000,3323.000000,206.000000,3323.000000,309.000000,3140.000000,309.000000
3143.000000,206.000000,3326.000000,206.000000,3326.000000,309.000000,3143.000000,309.000000
3146.000000,206.000000,3329.000000,206.000000,3329.000000,309.000000,3146.000000,309.000000
3149.000000,206.000000,3332.000000,206.000000,3332.000000,309.000000,3149.000000,309.000000
3152.000000,206.000000,3335.000000,206.000000,3335.000000,309.000000,3152.000000,309.000000
3155.000000,206.000000,3338.000000,206.000000,3338.000000,309.000000,3155.000000,309.000000
3158.000000,206.000000,3341.000000,206.000000,3341.000000,309.000000,3158.000000,309.000000
3161.000000,206.000000,3344.000000,206.000000,3344.000000,309.000000,3161.000000,309.000000
3164.000000,206.000000,3347.000000,206.000000,3347.000000,309.000000,3164.000000,309.000000
3167.000000,206.000000,3350.000000,206.000000,3350.000000,309.000000,3167.000000,309.000000
3170.000000,206.000000,3353.000000,206.000000,3353.000000,309.000000,3170.000000,309.000000
3173.000000,206.000000,3356.000000,206.000000,3356.000000,309.000000,3173.000000,309.000000
3176.000000,206.000000,3359.000000,206.000000,3359.000000,309.000000,3176.000000,309.000000
3179.000000,206.000000,3362.000000,206.000000,3362.000000,309.000000,3179.000000,309.000000
3182.000000,206.000000,3365.000000,206.000000,3365.000000,309.000000,3182.000000,309.000000
3185.000000,206.000000,3368.000000,206.000000,3368.000000,309.000000,3185.000000,309.000000
3188.000000,206.000000,3371.000000,206.000000,3371.000000,309.000000,3188.000000,309.000000
3191.000000,206.000000,3374.000000,206.000000,3374.000000,309.000000,3191.000000,309.000000
3194.000000,206.000000,3377.000000,206.000000,3377.000000,309.000000,3194.000000,309.000000
3197.000000,206.000000,3380.000000,206.000000,3380.000000,309.000000,3197.000000,309.000000
3200.000000,206.000000,3383.000000,206.000000,3383.000000,309.000000,3200.000000,309.000000
3203.000000,206.000000,3386.000000,206.000000,3386.000000,309.000000,3203.000000,309.000000
3206.000000,206.000000,3389.000000,206.000000,3389.000000,309.000000,3206.000000,309.000000
3209.000000,206.000000,3392.000000,206.000000,3392.000000,309.000000,3209.000000,309.000000
3212.000000,206.000000,3395.000000,206.000000,3395.000000,309.000000,3212.000000,309.000000
3215.000000,206.000000,3398.000000,206.000000,3398.000000,309.000000,3215.000000,309.000000
3218.000000,206.000000,3401.000000,206.000000,3401.000000,309.000000,3218.000000,309.000000
3221.000000,206.000000,3404.000000,206.000000,3404.000000,309.000000,3221.000000,309.000000
3224.000000,206.000000,3407.000000,206.000000,3407.000000,309.000000,3224.000000,309.000000
3227.000000,206.000000,3410.000000,206.000000,3410.000000,309.000000,3227.000000,309.000000
3230.000000,206.000000,3413.000000,206.000000,3413.000000,309.000000,3230.000000,309.000000
3233.000000,206.000000,3416.000000,206.000000,3416.000000,309.000000,3233.000000,309.000000
3236.000000,206.000000,3419.000000,206.000000,3419.000000,309.000000,3236.000000,309.000000
3239.000000,206.000000,3422.000000,206.000000,3422.000000,309.000000,3239.000000,309.000000
3242.000000,206.000000,3425.000000,206.000000,3425.000000,309.000000,3242.000000,309.000000
3245.000000,206.000000,3428.000000,206.000000,3428.000000,309.000000,3245.000000,309.000000
3248.000000,206.000000,3431.000000,206.000000,3431.000000,309.000000,3248.000000,309.000000
3251.000000,206.000000,3434.000000,206.000000,3434.000000,309.000000,3251.000000,309.000000
3254.000000,206.000000,3437.000000,206.000000,3437.000000,309.000000,3254.000000,309.000000
3257.000000,206.000000,3440.000000,206.000000,3440.000000,309.000000,3257.000000,309.000000
3260.000000,206.000000,3443.000000,206.000000,3443.000000,309.000000,3260.000000,309.000000
3263.000000,206.000000,3446.000000,206.000000,3446.000000,309.000000,3263.000000,309.000000
3266.000000,206.000000,3449.000000,206.000000,3449.000000,309.000000,3266.000000,309.000000
3269.000000,206.000000,3452.000000,206.000000,3452.000000,309.000000,3269.000000,309.000000
3272.000000,206.000000,3455.000000,206.000000,3455.000000,309.000000,3272.000000,309.000000
3275.000000,206.000000,3458.000000,206.000000,3458.000000,309.000000,3275.000000,309.000000
3278.000000,206.000000,3461.000000,206.000000,3461.000000,309.000000,3278.000000,309.000000
3281.000000,206.000000,3464.000000,206.000000,3464.000000,309.000000,3281.000000,309.000000
3284.000000,206.000000,3467.000000,206.000000,3467.000000,309.000000,3284.000000,309.000000
3287.000000,206.000000,3470.000000,206.000000,3470.000000,309.000000,3287.000000,309.000000
3290.000000,206.000000,3473.000000,206.000000,3473.000000,309.000000,3290.000000,309.000000
3293.000000,206.000000,3476.000000,206.000000,3476.000000,309.000000,3293.000000,309.000000
3296.000000,206.000000,3479.000000,206.000000,3479.000000,309.000000,3296.000000,309.000000
3299.000000,206.000000,3482.000000,206.000000,3482.000000,309.000000,3299.000000,309.000000
3302.000000,206.000000,3485.000000,206.000000,3485.000000,309.000000,3302.000000,309.000000
3305.000000,206.000000,3488.000000,206.000000,3488.000000,309.000000,3305.000000,309.000000
3308.000000,206.000000,3491.000000,206.000000,3491.000000,309.000000,3308.000000,309.000000
3311.000000,206.000000,3494.000000,206.000000,3494.000000,309.000000,3311.000000,309.000000
3314.000000,206.000000,3497.000000,206.000000,3497.000000,309.000000,3314.000000,309.000000
3317.000000,206.000000,3500.000000,206.000000,3500.000000,309.000000,3317.000000,309.000000
3320.000000,206.000000,3503.000000,206.000000,3503.000000,309.000000,3320.000000,309.000000
3323.000000,206.000000,3506.000000,206.000000,3506.000000,309.000000,3323.000000,309.000000
3326.000000,206.000000,3509.000000,206.000000,3509.000000,309.000000,3326.000000,309.000000
3329.000000,206.000000,3512.000000,206.000000,3512.000000,309.000000,3329.000000,309.000000
3332.000000,206.000000,3515.000000,206.000000,3515.000000,309.000000,3332.000000,309.000000
3335.000000,206.000000,3518.000000,206.000000,3518.000000,309.000000,3335.000000,309.000000
3338.000000,206.000000,3521.000000,206.000000,3521.000000,309.000000,3338.000000,309.000000
3341.000000,206.000000,3524.000000,206.000000,3524.000000,309.000000,3341.000000,309.000000
3344.000000,206.000000,3527.000000,206.000000,3527.000000,309.000000,3344.000000,309.000000
3347.000000,206.000000,3530.000000,206.000000,3530.000000,309.000000,3347.000000,309.000000
3350.000000,206.000000,3533.000000,206.000000,3533.000000,309.000000,3350.000000,309.000000
3353.000000,206.000000,3536.000000,206.000000,3536.000000,309.000000,3353.000000,309.000000
3356.000000,206.000000,3539.000000,206.000000,3539.000000,309.000000,3356.000000,309.000000
3359.000000,206.000000,3542.000000,206.000000,3542.000000,309.000000,3359.000000,309.000000
3362.000000,206.000000,3545.000000,206.000000,3545.000000,309.000000,3362.000000,309.000000
3365.000000,206.000000,3548.000000,206.000000,3548.000000,309.000000,3365.000000,309.000000
3368.000000,206.000000,3551.000000,206.000000,3551.000000,309.000000,3368.000000,309.000000
3371.000000,206.000000,3554.000000,206.000000,3554.000000,309.000000,3371.000000,309.000000
3374.000000,206.000000,3557.000000,206.000000,3557.000000,309.000000,3374.000000,309.000000
3377.000000,206.000000,3560.000000,206.000000,3560.000000,309.000000,3377.000000,309.000000
3380.000000,206.000000,3563.000000,206.000000,3563.000000,309.000000,3380.000000,309.000000
3383.000000,206.000000,3566.000000,206.000000,3566.000000,309.000000,3383.000000,309.000000
3386.000000,206.000000,3569.000000,206.000000,3569.000000,309.000000,3386.000000,309.000000
3389.000000,206.000000,3572.000000,206.000000,3572.000000,309.000000,3389.000000,309.000000
3392.000000,206.000000,3575.000000,206.000000,3575.000000,309.000000,3392.000000,309.000000
3395.000000,206.000000,3578.000000,206.000000,3578.000000,309.000000,3395.000000,309.000000
3398.000000,206.000000,3581.000000,206.000000,3581.000000,309.000000,3398.000000,309.000000
3401.000000,206.000000,3584.000000,206.000000,3584.000000,309.000000,3401.000000,309.000000
3404.000000,206.000000,3587.000000,206.000000,3587.000000,309.000000,3404.000000,309.000000
3407.000000,206.000000,3590.000000,206.000000,3590.000000,309.000000,3407.000000,309.000000
3410.000000,206.000000,3593.000000,206.000000,3593.000000,309.000000,3410.000000,309.000000
3413.000000,206.000000,3596.000000,206.000000,3596.000000,309.000000,3413.000000,309.000000
3416.000000,206.000000,3599.000000,206.000000,3599.000000,309.000000,3416.000000,309.000000
3419.000000,206.000000,3602.000000,206.000000,3602.000000,309.000000,3419.000000,309.000000
3422.000000,206.000000,3605.000000,206.000000,3605.000000,309.000000,3422.000000,309.000000
3425.000000,206.000000,3608.000000,206.000000,3608.000000,309.000000,3425.000000,309.000000
3428.000000,206.000000,3611.000000,206.000000,3611.000000,309.000000,3428.000000,309.000000
3431.000000,206.000000,3614.000000,206.000000,3614.000000,309.000000,3431.000000,309.000000
3434.000000,206.000000,3617.000000,206.000000,3617.000000,309.000000,3434.000000,309.000000
3437.000000,206.000000,3620.000000,206.000000,3620.000000,309.000000,3437.000000,309.000000
3440.000000,206.000000,3623.000000,206.000000,3623.000000,309.000000,3440.000000,309.000000
3443.000000,206.000000,3626.000000,206.000000,3626.000000,309.000000,3443.000000,309.000000
3446.000000,206.000000,3629.000000,206.000000,3629.000000,309.000000,3446.000000,309.000000
3449.000000,206.000000,3632.000000,206.000000,3632.000000,309.000000,3449.000000,309.000000
3452.000000,206.000000,3635.000000,206.000000,3635.000000,309.000000,3452.000000,309.000000
3455.000000,206.000000,3638.000000,206.000000,3638.000000,309.000000,3455.000000,309.000000
3458.000000,206.000000,3641.000000,206.000000,3641.000000,309.000000,3458.000000,309.000000
3461.000000,206.000000,3644.000000,206.000000,3644.000000,309.000000,3461.000000,309.000000
3464.000000,206.000000,3647.000000,206.000000,3647.000000,309.000000,3464.000000,309.000000
3467.000000,206.000000,3650.000000,206.000000,3650.000000,309.000000,3467.000000,309.000000
3470.000000,206.000000,3653.000000,206.000000,3653.000000,309.000000,3470.000000,309.000000
3473.000000,206.000000,3656.000000,206.000000,3656.000000,309.000000,3473.000000,309.000000
3476.000000,206.000000,3659.000000,206.000000,3659.000000,309.000000,3476.000000,309.000000
3479.000000,206.000000,3662.000000,206.000000,3662.000000,309.000000,3479.000000,309.000000
3482.000000,206.000000,3665.000000,206.000000,3665.000000,309.000000,3482.000000,309.000000
3485.000000,206.000000,3668.000000,206.000000,3668.000000,309.000000,3485.000000,309.000000
3488.000000,206.000000,3671.000000,206.000000,3671.000000,309.000000,3488.000000,309.000000
3491.000000,206.000000,3674.000000,206.000000,3674.000000,309.000000,3491.000000,309.000000
3494.000000,206.000000,3677.000000,206.000000,3677.000000,309.000000,3494.000000,309.000000
3497.000000,206.000000,3680.000000,206.000000,3680.000000,309.000000,3497.000000,309.000000
3500.000000,206.000000,3683.000000,206.000000,3683.000000,309.000000,3500.000000,309.000000
3503.000000,206.000000,3686.000000,206.000000,3686.000000,309.000000,3503.000000,309.000000
3506.000000,206.000000,3689.000000,206.000000,3689.000000,309.000000,3506.000000,309.000000
3509.000000,206.000000,3692.000000,206.000000,3692.000000,309.000000,3509.000000,309.000000
3512.000000,206.000000,3695.000000,206.000000,3695.000000,309.000000,3512.000000,309.000000
3515.000000,206.000000,3698.000000,206.000000,3698.000000,309.000000,3515.000000,309.000000
3518.000000,206.000000,3701.000000,206.000000,3701.000000,309.000000,3518.000000,309.000000
3521.000000,206.000000,3704.000000,206.000000,3704.000000,309.000000,3521.000000,309.000000
3524.000000,206.000000,3707.000000,206.000000,3707.000000,309.000000,3524.000000,309.000000
3527.000000,206.000000,3710.000000,206.000000,3710.000000,309.000000,3527.000000,309.000000
3530.000000,206.000000,3713.000000,206.000000,3713.000000,309.000000,3530.000000,309.000000
3533.000000,206.000000,3716.000000,206.000000,3716.000000,309.000000,3533.000000,309.000000
3536.000000,206.000000,3719.000000,206.000000,3719.000000,309.000000,3536.000000,309.000000
3539.000000,206.000000,3722.000000,206.000000,3722.000000,309.000000,3539.000000,309.000000
3542.000000,206.000000,3725.000000,206.000000,3725.000000,309.000000,3542.000000,309.000000
3545.000000,206.000000,3728.000000,206.000000,3728.000000,309.000000,3545.000000,309.000000
3548.000000,206.000000,3731.000000,206.000000,3731.000000,309.000000,3548.000000,309.000000
3551.000000,206.000000,3734.000000,206.000000,3734.000000,309.000000,3551.000000,309.000000
3554.000000,206.000000,3737.000000,206.000000,3737.000000,309.000000,3554.000000,309.000000
3557.000000,206.000000,3740.000000,206.000000,3740.000000,309.000000,3557.000000,309.000000
3560.000000,206.000000,3743.000000,206.000000,3743.000000,309.000000,3560.000000,309.000000
3563.000000,206.000000,3746.000000,206.000000,3746.000000,309.000000,3563.000000,309.000000
3566.000000,206.000000,3749.000000,206.000000,3749.000000,309.000000,3566.000000,309.000000
3569.000000,206.000000,3752.000000,206.000000,3752.000000,309.000000,3569.000000,309.000000
3572.000000,206.000000,3755.000000,206.000000,3755.000000,309.000000,3572.000000,309.000000
3575.000000,206.000000,3758.000000,206.000000,3758.000000,309.000000,3575.000000,309.000000
3578.000000,206.000000,3761.000000,206.000000,3761.000000,309.000000,3578.000000,309.000000
3581.000000,206.000000,3764.000000,206.000000,3764.000000,309.000000,3581.000000,309.000000
3584.000000,206.000000,3767.000000,206.000000,3767.000000,309.000000,3584.000000,309.000000
3587.000000,206.000000,3770.000000,206.000000,3770.000000,309.000000,3587.000000,309.000000
3590.000000,206.000000,3773.000000,206.000000,3773.000000,309.000000,3590.000000,309.000000
3593.000000,206.000000,3776.000000,206.000000,3776.000000,309.000000,3593.000000,309.000000
3596.000000,206.000000,3779.000000,206.000000,3779.000000,309.000000,3596.000000,309.000000
3599.000000,206.000000,3782.000000,206.000000,3782.000000,309.000000,3599.000000,309.000000
3602.000000,206.000000,3785.000000,206.000000,3785.000000,309.000000,3602.000000,309.000000
3605.000000,206.000000,3788.000000,206.000000,3788.000000,309.000000,3605.000000,309.000000
3608.000000,206.000000,3791.000000,206.000000,3791.000000,309.000000,3608.000000,309.000000
3611.000000,206.000000,3794.000000,206.000000,3794.000000,309.000000,3611.000000,309.000000
3614.000000,206.000000,3797.000000,206.000000,3797.000000,309.000000,3614.000000,309.000000
3617.000000,206.000000,3800.000000,206.000000,3800.000000,309.000000,3617.000000,309.000000
3620.000000,206.000000,3803.000000,206.000000,3803.000000,309.000000,3620.000000,309.000000
3623.000000,206.000000,3806.000000,206.000000,3806.000000,309.000000,3623.000000,309.000000
3626.000000,206.000000,3809.000000,206.000000,3809.000000,309.000000,3626.000000,309.000000
3629.000000,206.000000,3812.000000,206.000000,3812.000000,309.000000,3629.000000,309.000000
3632.000000,206.000000,3815.000000,206.000000,3815.000000,309.000000,3632.000000,309.000000
3635.000000,206.000000,3818.000000,206.000000,3818.000000,309.000000,3635.000000,309.000000
3638.000000,206.000000,3821.000000,206.000000,3821.000000,309.000000,3638.000000,309.000000
3641.000000,206.000000,3824.000000,206.000000,3824.000000,309.000000,3641.000000,309.000000
3644.000000,206.000000,3827.000000,206.000000,3827.000000,309.000000,3644.000000,309.000000
3647.000000,206.000000,3830.000000,206.000000,3830.000000,309.000000,3647.000000,309.000000
3650.000000,206.000000,3833.000000,206.000000,3833.000000,309.000000,3650.000000,309.000000
3653.000000,206.000000,3836.000000,206.000000,3836.000000,309.000000,3653.000000,309.000000
3656.000000,206.000000,3839.000000,206.000000,3839.000000,309.000000,3656.000000,309.000000
3659.000000,206.000000,3842.000000,206.000000,3842.000000,309.000000,3659.000000,309.000000
3662.000000,206.000000,3845.000000,206.000000,3845.000000,309.000000,3662.000000,309.000000
3665.000000,206.000000,3848.000000,206.000000,3848.000000,309.000000,3665.000000,309.000000
3668.000000,206.000000,3851.000000,206.000000,3851.000000,309.000000,3668.000000,309.000000
3671.000000,206.000000,3854.000000,206.000000,3854.000000,309.000000,3671.000000,309.000000
3674.000000,206.000000,3857.000000,206.000000,3857.000000,309.000000,3674.000000,309.000000
3677.000000,206.000000,3860.000000,206.000000,3860.000000,309.000000,3677.000000,309.000000
3680.000000,206.000000,3863.000000,206.000000,3863.000000,309.000000,3680.000000,309.000000
3683.000000,206.000000,3866.000000,206.000000,3866.000000,309.000000,3683.000000,309.000000
3686.000000,206.000000,3869.000000,206.000000,3869.000000,309.000000,3686.000000,309.000000
3689.000000,206.000000,3872.000000,206.000000,3872.000000,309.000000,3689.000000,309.000000
3692.000000,206.000000,3875.000000,206.000000,3875.000000,309.000000,3692.000000,309.000000
3695.000000,206.000000,3878.000000,206.000000,3878.000000,309.000000,3695.000000,309.000000
3698.000000,206.000000,3881.000000,206.000000,3881.000000,309.000000,3698.000000,309.000000
3701.000000,206.000000,3884.000000,206.000000,3884.000000,309.000000,3701.000000,309.000000
3704.000000,206.000000,3887.000000,206.000000,3887.000000,309.000000,3704.000000,309.000000
3707.000000,206.000000,3890.000000,206.000000,3890.000000,309.000000,3707.000000,309.000000
3710.000000,206.000000,3893.000000,206.000000,3893.000000,309.000000,3710.000000,309.000000
3713.000000,206.000000,3896.000000,206.000000,3896.000000,309.000000,3713.000000,309.000000
3716.000000,206.000000,3899.000000,206.000000,3899.000000,309.000000,3716.000000,309.000000
3719.000000,206.000000,3902.000000,206.000000,3902.000000,309.000000,3719.000000,309.000000
3722.000000,206.000000,3905.000000,206.000000,3905.000000,309.000000,3722.000000,309.000000
3725.000000,206.000000,3908.000000,206.000000,3908.000000,309.000000,3725.000000,309.000000
3728.000000,206.000000,3911.000000,206.000000,3911.000000,309.000000,3728.000000,309.000000
3731.000000,206.000000,3914.000000,206.000000,3914.000000,309.000000,3731.000000,309.000000
3734.000000,206.000000,3917.000000,206.000000,3917.000000,309.000000,3734.000000,309.000000
3737.000000,206.000000,3920.000000,206.000000,3920.000000,309.000000,3737.000000,309.000000
3740.000000,206.000000,3923.000000,206.000000,3923.000000,309.000000,3740.000000,309.000000
3743.000000,206.000000,3926.000000,206.000000,3926.000000,309.000000,3743.000000,309.000000
3746.000000,206.000000,3929.000000,206.000000,3929.000000,309.000000,3746.000000,309.000000
3749.000000,206.000000,3932.000000,206.000000,3932.000000,309.000000,3749.000000,309.000000
3752.000000,206.000000,3935.000000,206.000000,3935.000000,309.000000,3752.000000,309.000000
3755.000000,206.000000,3938.000000,206.000000,3938.000000,309.000000,3755.000000,309.000000
3758.000000,206.000000,3941.000000,206.000000,3941.000000,309.000000,3758.000000,309.000000
3761.000000,206.000000,3944.000000,206.000000,3944.000000,309.000000,3761.000000,309.000000
3764.000000,206.000000,3947.000000,206.000000,3947.000000,309.000000,3764.000000,309.000000
3767.000000,206.000000,3950.000000,206.000000,3950.000000,309.000000,3767.000000,309.000000
3770.000000,206.000000,3953.000000,206.000000,3953.000000,309.000000,3770.000000,309.000000
3773.000000,206.000000,3956.000000,206.000000,3956.000000,309.000000,3773.000000,309.000000
3776.000000,206.000000,3959.000000,206.000000,3959.000000,309.000000,3776.000000,309.000000
3779.000000,206.000000,3962.000000,206.000000,3962.000000,309.000000,3779.000000,309.000000
